labels type theta radius X Y Z sph_theta sph_phi sph_radius urchan ref
CP5 EEG -110.668 0.408233333333333 -28.7628234353576 76.2473645099531 24.1669069868857 110.668 16.518 85 29 
CP6 EEG 110.668 0.408233333333333 -28.7628234353576 -76.2473645099531 24.1669069868857 -110.668 16.518 85 30 
TP7 EEG -108.052 0.531916666666667 -26.2075035325936 80.4100143118706 -8.5086048770556 108.052 -5.74500000000001 85 31 
TP8 EEG 108.107 0.531905555555556 -26.2847718099742 -80.385102119676 -8.50565271492099 -108.107 -5.74299999999999 85 32 
P7 EEG -126.087 0.528083333333333 -49.8713779489202 68.4233350269539 -7.48951836002624 126.087 -5.055 85 36 
P8 EEG 126.133 0.528066666666667 -49.9265268118817 -68.3835902976096 -7.48508507040089 -126.133 -5.052 85 37 
PO9 EEG -144.695 0.653 -61.5072664874117 43.5576310530885 -39.3012588384843 144.695 -27.54 85 38 
PO10 EEG 144.733 0.652888888888889 -61.5473386565498 -43.5247466822205 -39.2749478744977 -144.733 -27.52 85 39 
PO3 EEG -157.539 0.421127777777778 -76.1527667684845 31.4827967984807 20.8468131677331 157.539 14.197 85 40 
PO4 EEG 157.539 0.421127777777778 -76.1527667684845 -31.4827967984807 20.8468131677331 -157.539 14.197 85 41 
PO7 EEG -144.108 0.522333333333333 -68.6910763510323 49.709431314888 -5.9588982276161 144.108 -4.02 85 42 
PO8 EEG 144.142 0.522311111111111 -68.7208994216315 -49.668904028116 -5.95297869371352 -144.142 -4.01600000000001 85 43 
O1 EEG -162.074 0.514988888888889 -80.7840137690914 26.1330144040702 -4.00108454195971 162.074 -2.69799999999999 85 44 
O2 EEG 162.074 0.514988888888889 -80.7840137690914 -26.1330144040702 -4.00108454195971 -162.074 -2.69799999999999 85 45 
Oz EEG 180 0.506688888888889 -84.9812336134463 -1.040719957323e-14 -1.78603850374883 -180 -1.20399999999999 85 46 
