CP5 CP6 TP7 TP8 P7 P8 PO9 PO10 PO3 PO4 PO7 PO8 O1 O2 Oz time
-0.526101 1.685763 2.10601 2.661638 1.809495 2.533956 4.533325 3.955329 -1.360321 -0.1103947 1.345904 1.331195 -1.482644 -1.455372 -2.759821 -200.4008
-0.4752663 1.713463 2.123383 2.662964 2.134542 2.713013 4.61469 3.98273 -1.236755 -0.07279819 1.635319 1.462342 -1.354924 -1.442757 -2.703559 -198.3968
-0.4584845 1.715066 2.143415 2.622666 2.409884 2.81923 4.660823 3.955225 -1.108162 -0.03846636 1.907165 1.587956 -1.268021 -1.408954 -2.68111 -196.3928
-0.4612722 1.719552 2.183722 2.60358 2.683969 2.919352 4.65478 3.977194 -0.9697314 -0.06551581 2.125153 1.73436 -1.192282 -1.402035 -2.601389 -194.3888
-0.5158113 1.740278 2.246083 2.583259 2.939528 2.965847 4.615192 3.985304 -0.8060395 -0.07786825 2.278742 1.807644 -0.9972883 -1.286736 -2.326895 -192.3848
-0.6380703 1.757561 2.289793 2.558228 3.091673 3.003537 4.537954 3.992312 -0.687822 -0.07120025 2.344079 1.86082 -0.7826222 -1.155045 -2.033922 -190.3808
-0.7433041 1.756947 2.355771 2.626471 3.14072 2.990814 4.47255 3.992454 -0.5894182 0.02849668 2.37839 1.921148 -0.6281846 -1.012746 -1.853033 -188.3768
-0.7441583 1.720314 2.46702 2.585505 3.159668 2.921757 4.487712 4.013613 -0.4816669 0.1131412 2.412988 1.982821 -0.4846255 -0.9089497 -1.704791 -186.3727
-0.6208882 1.615112 2.593377 2.477005 3.212654 2.843895 4.602555 3.970603 -0.3283829 0.214897 2.481831 2.042023 -0.3133473 -0.8040848 -1.514283 -184.3687
-0.4529872 1.538901 2.580698 2.396587 3.274936 2.896271 4.737515 3.874802 -0.1262211 0.3989282 2.58206 2.178985 -0.08530036 -0.6034836 -1.220887 -182.3647
-0.3104242 1.572399 2.434259 2.424793 3.274892 3.048395 4.819502 3.699878 0.03454835 0.6978261 2.664056 2.326227 0.1276739 -0.3186302 -0.9707503 -180.3607
-0.241686 1.764167 2.203617 2.560207 3.209243 3.302543 4.857934 3.602066 0.1199719 0.9497426 2.686146 2.504825 0.2970517 -0.119048 -0.8261023 -178.3567
-0.2209025 2.04762 2.009369 2.745573 3.132377 3.497648 4.934859 3.568854 0.2226369 1.231666 2.680256 2.613332 0.3704616 0.1354075 -0.7269892 -176.3527
-0.22896 2.250265 1.875597 2.904953 3.019074 3.602011 5.004634 3.542235 0.2489937 1.438667 2.652797 2.651544 0.4149074 0.3328405 -0.6710253 -174.3487
-0.2529409 2.333367 1.819825 2.842617 2.899477 3.583684 5.072461 3.456331 0.2975603 1.638935 2.676158 2.592167 0.4756512 0.5211892 -0.6296596 -172.3447
-0.2872166 2.346607 1.766215 2.771103 2.801533 3.618739 5.130912 3.473272 0.4111541 1.769531 2.793949 2.582013 0.5463145 0.5955922 -0.6231968 -170.3407
-0.3407122 2.345033 1.651365 2.771123 2.712667 3.634835 5.184643 3.575607 0.5605304 1.974174 2.995627 2.572562 0.6600769 0.7368782 -0.5980576 -168.3367
-0.4257901 2.343558 1.486704 2.666552 2.567864 3.649318 5.188322 3.789826 0.6537411 2.078212 3.107995 2.641987 0.7683168 0.8560746 -0.5542951 -166.3327
-0.5080588 2.350699 1.375292 2.517024 2.415952 3.608577 5.10263 3.95786 0.6829112 2.061895 3.087607 2.759151 0.786759 0.9102774 -0.5263011 -164.3287
-0.5743994 2.339304 1.304973 2.458459 2.293707 3.486151 4.89213 3.995871 0.6276554 1.942236 2.918369 2.831189 0.6950513 0.8819559 -0.5986502 -162.3246
-0.5679184 2.347485 1.331397 2.412493 2.223535 3.28926 4.578271 3.907994 0.4966656 1.794707 2.695333 2.766224 0.5452376 0.8338139 -0.7737677 -160.3206
-0.5258021 2.354567 1.458117 2.374012 2.161409 3.161619 4.218245 3.829884 0.227608 1.539662 2.401098 2.692496 0.3538371 0.6442085 -1.027433 -158.3166
-0.4285869 2.375322 1.642257 2.495383 2.129877 2.987545 3.959625 3.701919 0.003762567 1.387854 2.104193 2.547208 0.1497346 0.4831985 -1.226212 -156.3126
-0.3165952 2.375465 1.787159 2.461524 2.081661 2.768892 3.783988 3.56518 -0.2259022 1.240838 1.806572 2.349652 -0.0402964 0.2496423 -1.428555 -154.3086
-0.2170886 2.378568 1.890196 2.533465 1.997492 2.547889 3.63522 3.502777 -0.4431555 1.019063 1.512846 2.115278 -0.1422806 0.004014072 -1.604651 -152.3046
-0.08410919 2.41401 2.12921 2.512165 1.945344 2.394215 3.548884 3.599213 -0.5955762 0.8076245 1.277315 1.942965 -0.230814 -0.1914068 -1.733102 -150.3006
0.09883464 2.449859 2.504057 2.620083 1.958357 2.207306 3.456864 3.66904 -0.7556241 0.5392144 1.10886 1.734625 -0.3110947 -0.3753904 -1.835282 -148.2966
0.319312 2.440976 2.944715 2.587382 2.002631 1.956941 3.373759 3.588514 -0.8448338 0.2309669 0.9880735 1.478307 -0.3898299 -0.5840465 -1.903586 -146.2926
0.5198779 2.363498 3.31332 2.539557 2.055177 1.644402 3.283304 3.318177 -0.9270748 -0.1041355 0.9014689 1.187648 -0.4431517 -0.8114403 -1.95799 -144.2886
0.6702752 2.28703 3.584363 2.370498 2.098801 1.317914 3.153036 2.977778 -0.9661265 -0.3959212 0.7949215 0.9272498 -0.4772968 -0.966439 -1.953715 -142.2846
0.7317229 2.236087 3.719398 2.24934 2.108088 1.102867 2.847446 2.782654 -1.093485 -0.7155507 0.6048735 0.7865907 -0.5373951 -1.129972 -1.928499 -140.2806
0.6971303 2.209105 3.720216 2.150011 1.999714 1.018727 2.384716 2.840707 -1.298053 -0.9415707 0.3349548 0.7805005 -0.6924443 -1.244757 -1.936857 -138.2766
0.5816687 2.145469 3.560101 2.072675 1.755565 0.9483421 1.832257 3.015778 -1.586967 -1.05038 0.01635463 0.796021 -0.8923556 -1.273771 -1.958766 -136.2726
0.4187978 2.038659 3.23672 1.967393 1.414822 0.8815225 1.365738 3.155414 -1.866889 -1.116066 -0.2652957 0.7949191 -1.094426 -1.269158 -1.963957 -134.2685
0.2944983 1.874779 2.848104 1.842099 1.072824 0.7903427 1.001073 3.139288 -2.097151 -1.287555 -0.5069767 0.7358691 -1.326545 -1.369921 -2.024835 -132.2645
0.2215542 1.675555 2.446257 1.688433 0.7510663 0.660619 0.6435137 3.011293 -2.312533 -1.485004 -0.7821375 0.6149524 -1.692564 -1.540679 -2.23488 -130.2605
0.1832992 1.467311 2.080543 1.489103 0.4496882 0.549198 0.2615699 2.810675 -2.601641 -1.650217 -1.110556 0.4525518 -2.182728 -1.723855 -2.565802 -128.2565
0.1795205 1.257433 1.799139 1.340361 0.1489399 0.5260106 -0.1171957 2.528195 -2.976195 -1.819276 -1.470876 0.2986329 -2.701484 -1.928735 -2.973678 -126.2525
0.2122661 1.081084 1.623559 1.310594 -0.07934158 0.5200734 -0.3994044 2.148194 -3.270756 -2.007793 -1.781295 0.1158765 -3.146073 -2.120763 -3.34373 -124.2485
0.2173412 0.9095082 1.433322 1.205163 -0.2845258 0.4294381 -0.6614949 1.684926 -3.570017 -2.222503 -2.134288 -0.133444 -3.470855 -2.305121 -3.672637 -122.2445
0.1917021 0.7650315 1.215068 1.154926 -0.4714991 0.3749324 -0.8670469 1.347337 -3.776159 -2.426014 -2.496041 -0.2640449 -3.72393 -2.475155 -3.922916 -120.2405
0.1906528 0.6608399 1.033159 1.101959 -0.6317319 0.3101086 -1.095844 1.06158 -3.945404 -2.551525 -2.834064 -0.349176 -3.974632 -2.598084 -4.143135 -118.2365
0.2635364 0.6028894 0.9530451 1.143884 -0.7230991 0.2679808 -1.309917 0.7809668 -4.0079 -2.610065 -3.100709 -0.4452083 -4.164478 -2.66705 -4.259922 -116.2325
0.3841512 0.5912675 0.9204744 1.181458 -0.7349904 0.2767406 -1.434508 0.555705 -3.986521 -2.60615 -3.262207 -0.5320161 -4.264621 -2.669701 -4.270397 -114.2285
0.4975694 0.5344312 0.8716834 1.24937 -0.7336608 0.2252019 -1.500382 0.2855411 -3.953067 -2.621897 -3.384388 -0.6844862 -4.279932 -2.673862 -4.222259 -112.2244
0.5778894 0.4833872 0.7810024 1.356221 -0.7374462 0.1770857 -1.572225 0.02395276 -3.940022 -2.658035 -3.501516 -0.8115833 -4.267157 -2.692046 -4.190677 -110.2204
0.5954465 0.4917185 0.6250386 1.471667 -0.7814445 0.1063182 -1.647524 -0.3132686 -3.939371 -2.707058 -3.649444 -0.9599389 -4.212524 -2.71962 -4.169523 -108.2164
0.528572 0.5366834 0.4372178 1.656494 -0.8728207 0.0699246 -1.652917 -0.6524426 -3.884781 -2.760132 -3.752873 -1.073957 -4.142223 -2.776534 -4.142089 -106.2124
0.4390315 0.6055645 0.2415509 1.729938 -0.9861709 -0.04549364 -1.658605 -1.062954 -3.785583 -2.696446 -3.766921 -1.263727 -4.048923 -2.718271 -4.100765 -104.2084
0.390905 0.6121343 0.0964599 1.653569 -1.082743 -0.2372292 -1.748987 -1.570478 -3.688156 -2.633802 -3.698384 -1.550166 -3.974656 -2.675456 -4.060325 -102.2044
0.3907576 0.5679674 0.003605475 1.509969 -1.145189 -0.4031453 -1.907718 -2.014886 -3.534259 -2.67684 -3.576024 -1.821658 -3.851119 -2.725842 -3.997357 -100.2004
0.4127464 0.5233501 -0.06953989 1.311269 -1.222697 -0.5692855 -2.139776 -2.362207 -3.335904 -2.669664 -3.473991 -2.092475 -3.681242 -2.767931 -3.924701 -98.1964
0.4458558 0.4999293 -0.1682719 1.115947 -1.366117 -0.7049506 -2.468045 -2.618218 -3.128185 -2.691389 -3.428514 -2.303119 -3.461311 -2.817272 -3.784828 -96.19238
0.4975311 0.4334983 -0.2352159 0.8192925 -1.521425 -0.8457553 -2.835776 -2.947884 -2.967664 -2.697875 -3.364614 -2.501793 -3.256261 -2.913809 -3.680598 -94.18838
0.5919595 0.3099807 -0.1890287 0.4970042 -1.614436 -1.003132 -3.273193 -3.400993 -2.759148 -2.634742 -3.250441 -2.72042 -3.118887 -3.02535 -3.650311 -92.18437
0.691177 0.1930112 -0.1208608 0.1196486 -1.682884 -1.155649 -3.872685 -3.888571 -2.553814 -2.531702 -3.170224 -2.945323 -3.082744 -3.089254 -3.680847 -90.18036
0.7466714 0.07858367 -0.1848137 -0.2225021 -1.844912 -1.046653 -4.641555 -4.043813 -2.476053 -2.618062 -3.235753 -2.897059 -3.147852 -3.327015 -3.736357 -88.17635
0.7777948 0.01848975 -0.3784082 -0.4929336 -2.004183 -1.01688 -5.364007 -4.139051 -2.379136 -2.401935 -3.381189 -2.893909 -3.29285 -3.291158 -3.735301 -86.17235
0.7505823 -0.03806387 -0.651526 -0.7303072 -2.15816 -0.9930968 -5.892436 -4.108781 -2.280053 -2.177898 -3.525698 -2.832546 -3.433453 -3.221789 -3.614637 -84.16833
0.6153928 -0.09115332 -0.9823819 -0.9709488 -2.313913 -1.024951 -6.09937 -4.053021 -2.175709 -1.981489 -3.641145 -2.769421 -3.493659 -3.067242 -3.327131 -82.16433
0.4196162 -0.1474885 -1.31232 -1.088668 -2.439809 -1.044281 -6.032258 -3.99239 -2.103472 -1.894139 -3.686723 -2.712606 -3.475006 -2.968566 -2.972239 -80.16032
0.2296793 -0.1146045 -1.506859 -1.117275 -2.483999 -0.9977099 -5.824937 -3.941297 -1.987773 -1.765388 -3.657434 -2.652498 -3.382462 -2.833486 -2.638461 -78.15631
0.01598229 0.02981583 -1.606311 -0.9550632 -2.467978 -0.8459866 -5.636241 -3.895857 -1.855347 -1.573353 -3.546458 -2.550981 -3.231645 -2.675815 -2.395073 -76.15231
-0.2144294 0.2358945 -1.684073 -0.7813756 -2.433471 -0.7023026 -5.484782 -3.885089 -1.663118 -1.358892 -3.403867 -2.439915 -3.05958 -2.426962 -2.173408 -74.1483
-0.4587036 0.371246 -1.85797 -0.7457179 -2.430458 -0.5940773 -5.381483 -3.88175 -1.515784 -1.257744 -3.270965 -2.307145 -2.824201 -2.209752 -1.847952 -72.14429
-0.6480966 0.4840568 -2.116058 -0.7064754 -2.391106 -0.5795568 -5.253683 -3.919227 -1.258928 -1.127901 -3.081503 -2.216351 -2.479241 -1.867515 -1.284254 -70.14028
-0.7840863 0.5263441 -2.410653 -0.7603962 -2.329467 -0.6616301 -5.133275 -4.035566 -0.927989 -1.006386 -2.866088 -2.197288 -2.042308 -1.507293 -0.5869099 -68.13628
-0.891812 0.5436825 -2.74182 -0.810171 -2.291564 -0.6919972 -5.080496 -4.045928 -0.6147162 -0.9387203 -2.702847 -2.101558 -1.599926 -1.206541 0.1004123 -66.13226
-0.9873666 0.5153385 -3.056793 -0.7842727 -2.30557 -0.7543728 -5.127802 -4.062541 -0.3799336 -0.8737364 -2.604399 -2.046935 -1.245094 -0.9494559 0.6019899 -64.12826
-1.011231 0.4058031 -3.262638 -0.7869076 -2.367023 -0.8386834 -5.23641 -4.139775 -0.1933945 -0.7999255 -2.55222 -2.021352 -1.040075 -0.8077656 0.8229603 -62.12425
-0.9089376 0.2400797 -3.286942 -0.8018024 -2.404087 -1.003886 -5.313667 -4.280163 0.01598558 -0.7356748 -2.460131 -2.061515 -0.8819435 -0.7104955 0.9426562 -60.12024
-0.7032496 0.03677743 -3.163275 -0.8154858 -2.422357 -1.232169 -5.296815 -4.352041 0.2814239 -0.6403706 -2.345465 -2.120479 -0.7565435 -0.5711524 1.059133 -58.11623
-0.497605 -0.1789512 -2.997342 -0.9774049 -2.446241 -1.502366 -5.180935 -4.344324 0.5393575 -0.5045732 -2.215396 -2.190683 -0.6238113 -0.3429487 1.22186 -56.11222
-0.3538325 -0.3775685 -2.826483 -1.025408 -2.438828 -1.743299 -4.924429 -4.261418 0.804229 -0.3205349 -2.041315 -2.212473 -0.5067502 -0.06005057 1.439525 -54.10822
-0.2665356 -0.5523957 -2.677169 -1.239068 -2.436281 -1.930071 -4.570524 -4.149267 1.013044 -0.182662 -1.841201 -2.176138 -0.3767877 0.1340391 1.623346 -52.10421
-0.2100283 -0.7421981 -2.532773 -1.520609 -2.424459 -2.089676 -4.088092 -4.00266 1.203826 0.06397129 -1.603051 -2.11133 -0.1929818 0.3503999 1.804032 -50.1002
-0.1551289 -0.9878563 -2.366052 -1.872214 -2.401062 -2.269445 -3.48283 -3.846836 1.430145 0.4827105 -1.312149 -2.055617 0.08725911 0.6561679 2.05145 -48.09619
-0.09670506 -1.291789 -2.274173 -2.277577 -2.406689 -2.460093 -2.968111 -3.648819 1.694247 0.8542693 -1.05542 -2.000869 0.5464771 1.026066 2.438078 -46.09219
-0.0200184 -1.642173 -2.236165 -2.765721 -2.417318 -2.633763 -2.588983 -3.393669 2.034839 1.130725 -0.776046 -1.918414 1.082356 1.399377 2.907612 -44.08818
0.02174459 -2.042613 -2.26376 -3.188863 -2.375598 -2.899573 -2.252368 -3.244768 2.420429 1.403874 -0.4290003 -1.939653 1.677869 1.877054 3.441563 -42.08417
0.03294639 -2.473545 -2.321241 -3.500263 -2.284463 -3.098385 -1.891831 -3.095046 2.809367 1.671959 -0.01583452 -1.866344 2.304108 2.374397 3.996749 -40.08016
0.04092428 -2.81331 -2.393145 -3.799392 -2.081424 -3.165829 -1.460337 -2.903021 3.239393 1.973909 0.4889849 -1.598847 2.954147 2.940276 4.614054 -38.07615
0.09117583 -3.124928 -2.506695 -3.932832 -1.858255 -3.173226 -1.066788 -2.803606 3.575089 2.155707 0.9480735 -1.267104 3.564694 3.387341 5.164244 -36.07214
0.2046933 -3.421054 -2.572735 -4.143356 -1.621648 -3.301152 -0.7052321 -2.929185 3.896307 2.316054 1.328555 -1.059264 4.10191 3.808938 5.586437 -34.06814
0.2783426 -3.671444 -2.597486 -4.23683 -1.412427 -3.443578 -0.363919 -3.061435 4.177445 2.320515 1.58212 -0.8391352 4.507123 4.111696 5.865588 -32.06413
0.3216338 -3.875555 -2.555063 -4.281059 -1.196663 -3.580154 -0.1185559 -3.175105 4.365469 2.211405 1.711482 -0.6502924 4.840026 4.292641 6.068799 -30.06012
0.3629824 -4.024076 -2.463594 -4.298495 -0.9368946 -3.6565 0.07571398 -3.206295 4.538571 2.118433 1.831391 -0.5005819 5.122113 4.442987 6.258792 -28.05611
0.460368 -4.18661 -2.355222 -4.336023 -0.6684266 -3.591842 0.2659643 -3.045457 4.703679 2.009925 2.001753 -0.2805757 5.421156 4.489824 6.458861 -26.0521
0.5869803 -4.391146 -2.205448 -4.505671 -0.4203483 -3.619383 0.5091078 -2.913106 4.872707 2.052021 2.283156 -0.1638724 5.790016 4.630382 6.694831 -24.0481
0.6585247 -4.541042 -2.068953 -4.608578 -0.2115124 -3.568913 0.7431759 -2.61644 5.083746 2.141143 2.642096 0.06353541 6.140444 4.775825 6.951013 -22.04409
0.6465196 -4.631207 -1.954469 -4.712615 -0.01592267 -3.453099 0.887471 -2.189572 5.259758 2.24326 3.045541 0.3622912 6.466649 4.887057 7.213421 -20.04008
0.5821882 -4.690749 -1.877175 -4.786965 0.1293426 -3.285386 0.9384381 -1.686556 5.382834 2.347865 3.469679 0.6888725 6.807111 4.988026 7.482477 -18.03607
0.4613589 -4.699125 -1.857497 -4.840135 0.2005305 -3.121507 0.990343 -1.208898 5.489963 2.592288 3.866969 0.9598365 7.149427 5.228212 7.758625 -16.03206
0.2823605 -4.70006 -1.950354 -4.762485 0.1242635 -2.88678 1.009486 -0.6316323 5.531658 2.772938 4.144006 1.284714 7.444467 5.44278 7.993543 -14.02806
0.110292 -4.730033 -2.08457 -4.636413 -0.04414919 -2.651866 0.9839832 0.02719043 5.540276 2.924252 4.274083 1.634923 7.671543 5.634173 8.208176 -12.02405
-0.02982042 -4.764186 -2.223466 -4.499022 -0.1699097 -2.442824 0.9607801 0.7355468 5.636066 3.108044 4.388557 1.977143 7.883001 5.802673 8.456203 -10.02004
-0.1917179 -4.746361 -2.391698 -4.374584 -0.2434848 -2.333242 0.9048613 1.342588 5.754801 3.343859 4.501903 2.20643 8.091822 5.953138 8.673432 -8.016032
-0.3598177 -4.659192 -2.508297 -4.225533 -0.2581323 -2.220301 0.8833565 1.833582 5.930529 3.67104 4.646201 2.390058 8.245981 6.086093 8.781375 -6.012024
-0.5235339 -4.506833 -2.585752 -3.992986 -0.2429343 -2.109694 0.9382573 2.217871 6.093772 4.074914 4.756052 2.565973 8.381104 6.320493 8.910368 -4.008016
-0.6541488 -4.378236 -2.614403 -3.824249 -0.2196253 -1.926172 1.101824 2.61448 6.21715 4.481577 4.80102 2.869655 8.479806 6.578386 9.093424 -2.004008
-0.7242493 -4.310881 -2.591466 -3.737278 -0.1645467 -1.741103 1.307745 2.904916 6.310833 4.862865 4.786471 3.197004 8.507048 6.843772 9.231735 0
-0.7345427 -4.33149 -2.587149 -3.646846 -0.116261 -1.600412 1.440346 3.03037 6.322136 5.161194 4.727147 3.459471 8.4747 7.0386 9.244071 2.004008
-0.703675 -4.371512 -2.660655 -3.634779 -0.1398317 -1.402652 1.529699 3.197875 6.435478 5.424483 4.686533 3.741165 8.420625 7.166959 9.267794 4.008016
-0.6821757 -4.45677 -2.825705 -3.665891 -0.2565168 -1.277453 1.59928 3.335011 6.586011 5.821299 4.713356 3.913366 8.447022 7.395149 9.388077 6.012024
-0.7089851 -4.537479 -2.977367 -3.691225 -0.383726 -1.036659 1.782116 3.665892 6.760813 6.243295 4.795587 4.225529 8.472825 7.661982 9.57477 8.016032
-0.8227088 -4.593533 -3.10241 -3.793075 -0.5711423 -0.8291363 1.972182 3.972809 6.836934 6.740356 4.849181 4.547673 8.51777 8.072769 9.768221 10.02004
-1.06705 -4.581662 -3.280241 -3.756549 -0.8140091 -0.5487946 2.148596 4.27158 6.861516 7.297523 4.915002 4.977119 8.55491 8.555673 9.96185 12.02405
-1.41951 -4.515113 -3.511538 -3.620873 -1.059155 -0.262098 2.316617 4.490084 6.940512 7.878483 5.07454 5.406422 8.713227 9.127315 10.25476 14.02806
-1.779061 -4.455914 -3.725879 -3.476658 -1.236464 0.0390983 2.498653 4.729419 7.083031 8.35678 5.338306 5.829721 9.020933 9.655349 10.64171 16.03206
-2.061648 -4.429618 -3.865597 -3.389934 -1.298583 0.2893022 2.782522 4.990958 7.298886 8.832573 5.689639 6.184023 9.400395 10.14701 11.13436 18.03607
-2.285632 -4.441897 -4.018629 -3.448697 -1.314613 0.5005277 3.111905 5.330548 7.485935 9.295935 5.989165 6.54109 9.761026 10.57406 11.67284 20.04008
-2.49151 -4.445602 -4.183646 -3.543894 -1.306662 0.6798438 3.545433 5.784557 7.713493 9.764453 6.254206 6.934478 10.12395 11.06072 12.27479 22.04409
-2.702294 -4.459002 -4.390076 -3.736662 -1.293598 0.8514717 4.015512 6.328498 7.892447 10.13585 6.485373 7.388589 10.47845 11.52797 12.82267 24.0481
-2.879977 -4.479325 -4.605907 -3.917286 -1.247875 0.9612263 4.500433 6.77691 8.032495 10.48106 6.754372 7.75961 10.87167 12.03352 13.27957 26.0521
-2.957159 -4.517626 -4.761149 -4.067779 -1.103871 1.133758 4.943648 7.154855 8.243456 10.74095 7.122091 8.108733 11.26178 12.43286 13.66014 28.05611
-2.935777 -4.618121 -4.896338 -4.046899 -0.8966675 1.310576 5.267904 7.449903 8.523122 10.98155 7.55258 8.410216 11.64212 12.77255 14.01922 30.06012
-2.851076 -4.684198 -5.032438 -3.893893 -0.671726 1.61833 5.513417 7.918765 8.853211 11.3034 7.995234 8.854812 11.98899 13.15754 14.41183 32.06413
-2.799195 -4.688746 -5.156761 -3.758169 -0.5293863 1.977832 5.689971 8.531768 9.155 11.70959 8.331701 9.372987 12.3179 13.66854 14.89171 34.06814
-2.822645 -4.57051 -5.219657 -3.4081 -0.3513274 2.432664 5.957999 9.223531 9.477069 12.22558 8.693788 9.952021 12.58315 14.26295 15.36071 36.07214
-2.86463 -4.410631 -5.225474 -3.05075 -0.08928284 2.904032 6.364971 9.843061 9.847098 12.88929 9.127082 10.50767 12.88824 14.95705 15.8537 38.07615
-2.85639 -4.28608 -5.152538 -2.716151 0.2656922 3.431643 6.874249 10.39892 10.23994 13.48447 9.64247 11.09815 13.29785 15.57952 16.33071 40.08016
-2.812669 -4.147697 -4.969717 -2.343397 0.7534926 3.938122 7.503334 10.84824 10.80527 14.24594 10.22431 11.68723 13.80657 16.3699 16.87094 42.08417
-2.847289 -4.041042 -4.811913 -2.04417 1.278523 4.524019 8.09964 11.37716 11.38269 14.9774 10.81931 12.4117 14.47514 17.20392 17.53024 44.08818
-2.942704 -3.94957 -4.701576 -1.77434 1.891951 5.097588 8.715941 11.90918 12.03966 15.86208 11.57309 13.19306 15.29987 18.23906 18.31019 46.09219
-3.043334 -3.916263 -4.593579 -1.60524 2.570718 5.658694 9.380657 12.42449 12.73425 16.89582 12.52997 14.03566 16.22164 19.37336 19.04461 48.09619
-3.166515 -3.898095 -4.494826 -1.45235 3.277277 6.202651 10.20588 13.0434 13.44122 18.09546 13.65051 14.9666 17.21171 20.62449 19.67073 50.1002
-3.323528 -3.882648 -4.383698 -1.374385 3.96711 6.750127 11.20346 13.80724 14.13581 19.40312 14.83842 16.00786 18.28946 21.99441 20.2233 52.10421
-3.501251 -3.885838 -4.296547 -1.234406 4.62535 7.454786 12.37333 14.81294 14.85058 20.71638 16.09728 17.31631 19.48851 23.4269 20.76297 54.10822
-3.731704 -3.885216 -4.354887 -1.162335 5.29076 8.379386 13.75001 16.21921 15.71545 22.07392 17.55367 18.97746 20.92813 25.05018 21.51514 56.11222
-4.068713 -3.881473 -4.623389 -0.9922876 6.022032 9.628258 15.36528 18.23501 16.78906 23.61157 19.26635 21.08881 22.73201 27.02007 22.68061 58.11623
-4.556475 -3.978493 -5.034897 -0.9715305 6.781635 10.98805 17.20621 20.64307 18.1243 25.57229 21.23052 23.41146 24.90339 29.51888 24.40551 60.12024
-5.18644 -4.260705 -5.522547 -0.9833139 7.500726 12.40771 19.24568 23.34891 19.71158 27.82296 23.43305 25.9467 27.50534 32.44445 26.83221 62.12425
-5.889953 -4.715159 -5.995128 -1.158843 8.216743 13.81394 21.57081 26.32094 21.66498 30.41832 25.87717 28.73534 30.65031 35.89544 30.15449 64.12826
-6.623504 -5.285762 -6.44207 -1.290757 9.03471 15.3174 24.34207 29.75676 23.99717 33.34344 28.62456 31.91543 34.46009 39.95915 34.43604 66.13226
-7.441 -5.952083 -6.953156 -1.482283 9.994142 16.98623 27.75978 33.81622 26.69573 36.67282 31.70559 35.54026 38.99073 44.71518 39.65806 68.13628
-8.385264 -6.765557 -7.503079 -1.718858 11.06303 18.72429 31.86286 38.41861 29.58513 40.3676 35.1171 39.50719 44.14998 50.10462 45.66518 70.14028
-9.386368 -7.698155 -7.979113 -2.127024 12.19397 20.52153 36.54237 43.52356 32.71344 44.2869 38.7484 43.78536 49.84914 55.96947 52.41917 72.14429
-10.36266 -8.839144 -8.336679 -2.589997 13.38235 22.26647 41.62165 48.91803 36.01606 48.37931 42.52439 48.18032 55.94374 62.12649 59.75766 74.1483
-11.32122 -10.16291 -8.698352 -3.08481 14.58556 24.02945 46.9484 54.67976 39.50483 52.46898 46.32209 52.75659 62.40329 68.47767 67.60611 76.15231
-12.33971 -11.59422 -9.204431 -3.641282 15.71769 25.79572 52.46074 60.80504 43.05025 56.57789 50.09188 57.4534 69.13154 74.97233 75.77343 78.15631
-13.40856 -13.041 -9.829613 -4.105492 16.80141 27.53197 58.12768 67.16287 46.67084 60.69557 53.90691 62.17922 76.05838 81.53766 84.10968 80.16032
-14.49707 -14.42728 -10.55069 -4.571151 17.84215 29.34198 63.88709 73.67242 50.3181 64.82214 57.73489 66.95885 83.08721 88.0703 92.49195 82.16433
-15.57275 -15.70601 -11.33165 -4.957922 18.95997 31.22949 69.73343 80.18888 54.01056 69.06416 61.60727 71.73322 90.12368 94.6329 100.8823 84.16833
-16.70398 -16.9427 -12.20046 -5.245872 20.10242 33.23212 75.57014 86.76311 57.59622 73.29752 65.39191 76.54154 97.03819 101.0917 109.1302 86.17235
-17.89661 -18.13127 -13.01444 -5.505306 21.25631 35.30653 81.47203 93.48138 61.12421 77.57566 69.11288 81.39497 103.7701 107.5273 117.1598 88.17635
-19.14734 -19.30148 -13.76186 -5.725517 22.37014 37.40699 87.37917 100.2627 64.51228 81.84139 72.75709 86.23223 110.3051 113.8832 124.8425 90.18036
-20.41147 -20.43198 -14.49854 -5.992467 23.43377 39.50198 93.20763 106.9646 67.7848 86.03438 76.35341 91.01597 116.6247 120.0934 132.1477 92.18437
-21.67651 -21.48437 -15.24269 -6.100553 24.50207 41.62724 98.95116 113.557 70.96713 90.18108 79.95263 95.78906 122.7133 126.1524 139.1628 94.18838
-22.98607 -22.46392 -16.02239 -6.135364 25.56906 43.77074 104.561 120.0132 74.00895 94.19125 83.51198 100.5062 128.5607 132.0268 145.8797 96.19238
-24.32148 -23.372 -16.82789 -6.142277 26.59427 45.81749 110.0067 126.1919 76.8436 98.1195 86.94472 104.9867 134.0162 137.6962 152.1202 98.1964
-25.61035 -24.18039 -17.63037 -6.067297 27.58876 47.85192 115.2255 132.2495 79.38185 101.8281 90.22238 109.3237 139.0042 142.9808 157.7507 100.2004
-26.8336 -24.83326 -18.36168 -5.930928 28.57678 49.72896 120.2913 138.1145 81.56391 105.3944 93.34719 113.3458 143.5272 147.9419 162.7649 102.2044
-27.98849 -25.27188 -18.99111 -5.661831 29.54375 51.6493 125.2166 143.9633 83.42786 108.7167 96.29097 117.1928 147.5265 152.4716 167.1862 104.2084
-29.09866 -25.56771 -19.52563 -5.244963 30.42757 53.48492 129.8427 149.447 84.87456 111.6607 99.0006 120.6828 151.0046 156.4517 170.9071 106.2124
-30.11076 -25.69526 -19.94613 -4.748219 31.28346 55.26376 134.1283 154.4664 86.10529 114.2143 101.5056 123.8779 153.873 159.8523 173.9379 108.2164
-31.00139 -25.73096 -20.32377 -4.220597 32.09238 56.91344 137.9015 158.8093 87.03074 116.2888 103.7219 126.6762 156.0918 162.564 176.2587 110.2204
-31.70023 -25.61839 -20.7129 -3.662709 32.84594 58.41737 141.035 162.4229 87.69255 117.9352 105.5838 129.0176 157.5959 164.5998 177.8368 112.2244
-32.25407 -25.43515 -21.07468 -3.051216 33.45389 59.72028 143.4522 165.3292 88.02048 119.0543 107.0231 130.8559 158.4482 165.8901 178.6918 114.2285
-32.71264 -25.14678 -21.34048 -2.557095 33.89465 60.77469 145.2212 167.5767 88.00136 119.8187 108.0293 132.1856 158.6205 166.5877 178.8456 116.2325
-33.13868 -24.79356 -21.56635 -2.01962 34.09039 61.63577 146.3917 169.203 87.6186 120.154 108.573 133.0806 158.0742 166.634 178.2801 118.2365
-33.49119 -24.47278 -21.81033 -1.546782 34.03094 62.10875 146.9193 169.9914 86.86514 120.0127 108.6191 133.3658 156.8723 166.042 177.0539 120.2405
-33.68964 -24.16743 -22.0779 -1.219443 33.73556 62.2057 146.7769 169.9105 85.90247 119.4246 108.1482 133.0617 155.0546 164.7958 175.2249 122.2445
-33.74672 -23.86867 -22.28382 -1.035891 33.23898 61.8814 145.8441 168.8665 84.687 118.3246 107.1543 132.0866 152.6674 162.8806 172.8331 124.2485
-33.65414 -23.53321 -22.44391 -0.8588909 32.5333 61.29875 144.118 167.0365 83.24344 116.6855 105.6272 130.6286 149.7174 160.2649 169.8764 126.2525
-33.39886 -23.20646 -22.54953 -0.8021358 31.62845 60.33026 141.7256 164.3887 81.60217 114.6699 103.64 128.6064 146.311 157.1608 166.4584 128.2565
-33.00999 -22.95309 -22.67124 -0.9609279 30.50694 58.95937 138.7256 160.9926 79.74827 112.2297 101.1742 126.0001 142.4755 153.5028 162.6379 130.2605
-32.52897 -22.7419 -22.80651 -1.231429 29.17371 57.19247 135.0956 156.9545 77.74391 109.4668 98.18064 122.7997 138.2549 149.4086 158.5101 132.2645
-31.95509 -22.64031 -22.89244 -1.692109 27.54972 55.06149 130.7834 152.3084 75.44337 106.4747 94.69363 119.0335 133.6698 144.8589 154.013 134.2685
-31.34952 -22.52211 -22.963 -2.366389 25.63685 52.69664 125.8796 147.2401 72.94258 103.3154 90.76456 114.8667 128.8077 139.9936 149.2548 136.2726
-30.74763 -22.39206 -23.04062 -3.118037 23.40891 50.08704 120.4085 141.713 70.26424 100.0039 86.46381 110.3338 123.7728 134.9183 144.307 138.2766
-30.14162 -22.265 -23.11598 -3.885706 20.92768 47.19502 114.4429 135.7189 67.4534 96.55743 81.84101 105.4783 118.6134 129.6756 139.1927 140.2806
-29.5358 -22.16511 -23.27326 -4.878628 18.24072 44.02526 108.0622 129.3874 64.5804 93.05946 76.97248 100.3698 113.3347 124.3259 133.9558 142.2846
-28.93277 -22.1414 -23.56279 -5.914897 15.38824 40.63953 101.3338 122.9116 61.65067 89.48987 71.88778 95.11417 107.9735 118.8898 128.706 144.2886
-28.33894 -22.18981 -23.96902 -7.111573 12.39648 37.02577 94.32959 116.3117 58.67252 85.87093 66.62402 89.71913 102.5638 113.3974 123.5605 146.2926
-27.7307 -22.31671 -24.38524 -8.334507 9.276612 33.13504 87.10279 109.4571 55.64188 82.15665 61.18784 84.05676 97.14086 107.8387 118.5245 148.2966
-27.12227 -22.48974 -24.78057 -9.628278 6.009601 29.14352 79.73345 102.4719 52.56748 78.26371 55.54607 78.25297 91.67242 102.1039 113.5746 150.3006
-26.51827 -22.65762 -25.1739 -11.00032 2.646607 25.04388 72.34067 95.37896 49.54925 74.3779 49.83696 72.34663 86.26056 96.42773 108.7928 152.3046
-25.91897 -22.85911 -25.64856 -12.47197 -0.7637749 20.85008 64.99339 88.21422 46.59112 70.47784 44.15066 66.44695 80.99745 90.81308 104.1944 154.3086
-25.31053 -23.13207 -26.15096 -13.98033 -4.143127 16.48789 57.75483 80.89388 43.71595 66.63084 38.59644 60.4996 75.90652 85.36922 99.72779 156.3126
-24.74282 -23.50266 -26.67929 -15.69463 -7.534518 12.12297 50.62646 73.59339 40.91495 62.68602 33.10181 54.63976 70.97075 79.9601 95.35036 158.3166
-24.24939 -23.95229 -27.26023 -17.46245 -10.9235 7.700283 43.57809 66.26 38.13198 58.84449 27.60108 48.77452 66.13737 74.69919 91.02464 160.3206
-23.79104 -24.44349 -27.84945 -19.21664 -14.26795 3.325633 36.60001 58.99499 35.38053 55.04439 22.11798 43.02773 61.39675 69.51588 86.8062 162.3246
-23.31932 -25.0493 -28.39696 -21.12924 -17.54817 -1.136868 29.69967 51.63424 32.66994 51.37542 16.7381 37.31223 56.75907 64.5023 82.71947 164.3287
-22.90894 -25.79847 -28.91948 -23.23075 -20.8 -5.675971 22.93055 44.24144 30.03066 47.777 11.49935 31.65418 52.37589 59.68663 78.86986 166.3327
-22.58971 -26.59448 -29.46521 -25.34338 -23.97368 -10.14748 16.39048 37.05286 27.56332 44.31548 6.441443 26.15867 48.20118 55.1049 75.21088 168.3367
-22.34341 -27.35511 -30.10823 -27.39261 -27.08105 -14.56045 10.06459 30.12106 25.18454 40.96192 1.512044 20.76255 44.20197 50.71857 71.6935 170.3407
-22.11218 -28.07505 -30.90763 -29.43177 -30.08605 -18.8826 3.993397 23.48473 22.85797 37.73422 -3.261725 15.47007 40.4205 46.53393 68.30854 172.3447
-21.85654 -28.75312 -31.81489 -31.34323 -32.91641 -23.00775 -1.712452 17.25334 20.67839 34.61723 -7.753417 10.43215 36.90842 42.52299 65.11801 174.3487
-21.59891 -29.45964 -32.7756 -33.27631 -35.58443 -27.06155 -6.995945 11.28514 18.65955 31.68608 -11.94306 5.573741 33.67311 38.7659 62.12947 176.3527
-21.42985 -30.20324 -33.70123 -35.21258 -38.12724 -30.94962 -11.81695 5.656306 16.70594 28.82896 -15.86753 0.9985334 30.62896 35.1409 59.21606 178.3567
-21.31555 -30.92926 -34.46851 -37.125 -40.53706 -34.66704 -16.10203 0.3834434 14.8956 26.19704 -19.52594 -3.310789 27.75975 31.80669 56.36897 180.3607
-21.22018 -31.67492 -35.10056 -38.85165 -42.79734 -38.20041 -19.85417 -4.510973 13.20485 23.74237 -22.87808 -7.349452 25.21156 28.78783 53.67744 182.3647
-21.16862 -32.40565 -35.69535 -40.49454 -44.89932 -41.31891 -23.05696 -8.754611 11.74919 21.45672 -25.85681 -10.8712 23.01745 26.03248 51.23328 184.3687
-21.19581 -33.13053 -36.33239 -42.03054 -46.78535 -44.13024 -25.76106 -12.47002 10.52129 19.44581 -28.3777 -14.01604 21.21355 23.65274 49.08685 186.3727
-21.28086 -33.87215 -36.98896 -43.43995 -48.44782 -46.6147 -28.03527 -15.70134 9.494379 17.72232 -30.51218 -16.73576 19.74778 21.64703 47.17148 188.3768
-21.38555 -34.65194 -37.57727 -44.6509 -49.89673 -48.80137 -29.89771 -18.5813 8.643234 16.35631 -32.29303 -19.04498 18.51924 20.06912 45.40265 190.3808
-21.51545 -35.44515 -38.10268 -45.87534 -51.16147 -50.71571 -31.53345 -21.21064 7.90475 15.14038 -33.77213 -20.99485 17.56429 18.7822 43.85401 192.3848
-21.62635 -36.11173 -38.58781 -46.93326 -52.18222 -52.29527 -32.9458 -23.49063 7.391558 14.2449 -34.86375 -22.56434 16.88594 17.89961 42.6069 194.3888
-21.76796 -36.70057 -39.0791 -47.8732 -52.95748 -53.56314 -34.08575 -25.33675 7.077496 13.64058 -35.52887 -23.78466 16.52064 17.36313 41.69423 196.3928
-21.91854 -37.21317 -39.52825 -48.67207 -53.41888 -54.45191 -34.80566 -26.61827 7.078783 13.34582 -35.72274 -24.5826 16.49173 17.16753 41.10036 198.3968
-22.03699 -37.76456 -39.85406 -49.37899 -53.58752 -55.04342 -35.21611 -27.44453 7.332954 13.23574 -35.53547 -25.01632 16.80288 17.19488 40.76728 200.4008
-22.07136 -38.27749 -40.0241 -49.83981 -53.47114 -55.37403 -35.34557 -27.98219 7.83897 13.42361 -34.98975 -25.17137 17.33762 17.50362 40.60795 202.4048
-22.07122 -38.64348 -40.12097 -50.12378 -53.11261 -55.40586 -35.17173 -28.25485 8.485842 13.9274 -34.14721 -25.03571 18.06978 18.09462 40.55283 204.4088
-22.04809 -38.87503 -40.20063 -50.17483 -52.54043 -55.13814 -34.66161 -28.25634 9.266539 14.67685 -33.02864 -24.6353 18.96315 18.87576 40.54348 206.4128
-22.02285 -39.00263 -40.25107 -50.10501 -51.77098 -54.53651 -33.83651 -27.90715 10.18375 15.62362 -31.63321 -23.87269 20.05409 19.82368 40.65289 208.4168
-22.00711 -39.0255 -40.20991 -49.85215 -50.78667 -53.64937 -32.72866 -27.24253 11.27706 16.85485 -29.94061 -22.77979 21.39757 21.07132 40.98648 210.4208
-22.03629 -38.95872 -40.05609 -49.41574 -49.58986 -52.40318 -31.45 -26.23912 12.49865 18.2258 -28.01394 -21.31924 22.91253 22.49982 41.50117 212.4249
-22.07018 -38.81964 -39.83555 -48.92947 -48.18613 -50.91678 -30.17621 -25.13508 13.79058 19.73059 -25.93298 -19.66129 24.55867 24.07241 42.16915 214.4289
-22.01964 -38.54755 -39.54691 -48.18041 -46.5714 -49.10601 -28.85017 -23.80848 15.22436 21.39386 -23.6679 -17.64803 26.27908 25.82345 42.99455 216.4329
-21.86988 -38.13732 -39.08747 -47.34059 -44.74287 -47.05656 -27.3459 -22.26296 16.78686 23.27044 -21.1762 -15.32566 28.09023 27.79331 44.02192 218.4369
-21.67821 -37.66641 -38.50511 -46.28332 -42.76852 -44.86263 -25.66109 -20.5477 18.41746 25.27966 -18.50513 -12.79358 30.03009 29.92794 45.23075 220.4409
-21.45808 -37.11917 -37.88499 -45.10637 -40.67999 -42.49244 -23.84306 -18.65221 20.17481 27.40072 -15.6521 -10.05893 32.07133 32.16093 46.58075 222.4449
-21.2406 -36.46514 -37.29428 -43.92389 -38.51759 -39.95067 -22.01571 -16.53445 21.98674 29.6633 -12.67613 -7.153686 34.2315 34.60312 48.10379 224.4489
-21.08178 -35.68405 -36.77559 -42.5841 -36.33951 -37.09616 -20.22065 -13.99394 23.78686 31.97542 -9.648329 -3.942612 36.431 37.16426 49.71352 226.4529
-20.9725 -34.75198 -36.24898 -41.18444 -34.12154 -34.01215 -18.37024 -11.14303 25.6532 34.41334 -6.519198 -0.5064514 38.67577 39.85021 51.39814 228.4569
-20.90014 -33.72617 -35.6787 -39.60542 -31.8654 -30.80251 -16.47268 -8.134768 27.57972 36.93581 -3.316887 3.071301 40.93546 42.62625 53.12295 230.4609
-20.82358 -32.71947 -35.04085 -38.04268 -29.62613 -27.59038 -14.61302 -5.073205 29.56017 39.51401 -0.06521119 6.701268 43.17355 45.43798 54.82269 232.4649
-20.71979 -31.72701 -34.3451 -36.54462 -27.41093 -24.39873 -12.72908 -1.998733 31.591 42.15738 3.161346 10.34062 45.37059 48.27484 56.49479 234.4689
-20.58881 -30.73742 -33.58664 -34.99838 -25.18863 -21.20449 -10.68077 1.06096 33.66129 44.78761 6.371177 13.97861 47.55705 51.11634 58.21014 236.4729
-20.41212 -29.72547 -32.79259 -33.40652 -22.92788 -17.95759 -8.470273 4.116163 35.6969 47.34283 9.529761 17.64577 49.79289 53.929 59.98456 238.477
-20.18096 -28.73219 -31.90624 -31.77441 -20.62373 -14.6436 -6.16172 7.211268 37.68264 49.76252 12.69942 21.3741 52.10659 56.64329 61.76192 240.481
-19.88632 -27.7342 -31.0546 -30.24751 -18.2548 -11.36536 -3.799579 10.27699 39.67262 52.18456 15.89921 25.03349 54.41944 59.33162 63.48533 242.485
-19.56099 -26.82673 -30.3275 -28.78026 -15.89375 -8.130225 -1.369691 13.33227 41.67501 54.52916 19.10082 28.6194 56.69353 61.89767 65.15205 244.489
-19.25326 -25.93456 -29.66206 -27.31773 -13.55835 -4.898498 1.225086 16.45805 43.67353 56.84779 22.32787 32.17257 58.9722 64.42817 66.75763 246.493
-18.97544 -25.02711 -28.95913 -25.81692 -11.24104 -1.657956 4.071445 19.71001 45.66599 59.13796 25.58386 35.73496 61.29935 66.9324 68.37674 248.497
-18.70473 -24.06649 -28.19672 -24.27745 -8.864511 1.56794 7.12677 23.1061 47.71983 61.53711 28.84706 39.29005 63.67735 69.54549 70.14724 250.501
-18.44907 -23.12454 -27.43515 -22.86431 -6.472435 4.761334 10.31342 26.65561 49.73954 63.98405 32.10424 42.81912 66.10468 72.23672 72.03082 252.505
-18.25396 -22.19474 -26.77191 -21.25081 -4.136321 8.029873 13.6531 30.48202 51.7522 66.4438 35.37785 46.44333 68.56153 74.94942 73.96999 254.509
-18.13185 -21.2948 -26.19908 -19.79326 -1.86819 11.27359 17.07723 34.42959 53.81173 68.95346 38.63864 50.0606 71.0827 77.70769 75.95875 256.513
-18.09949 -20.38249 -25.69765 -18.24453 0.3918461 14.61193 20.52651 38.58364 55.89895 71.40171 41.85051 53.77575 73.66305 80.42915 77.9842 258.517
-18.11254 -19.48108 -25.18579 -16.62208 2.670882 17.84668 24.08586 42.69386 57.99739 73.98316 45.07128 57.39525 76.3111 83.33024 80.12127 260.5211
-18.11301 -18.51054 -24.62741 -15.03482 4.959208 21.19403 27.78341 47.00016 60.10654 76.50639 48.34958 61.18529 79.02157 86.28606 82.43782 262.5251
-18.10117 -17.52489 -24.0374 -13.38221 7.205155 24.50792 31.51043 51.34488 62.1237 78.99058 51.6127 64.99972 81.71429 89.30357 84.84646 264.5291
-18.09464 -16.60282 -23.40433 -11.84389 9.379134 27.77303 35.26043 55.67361 64.06872 81.4157 54.86859 68.78986 84.36635 92.26166 87.20973 266.5331
-18.11691 -15.75982 -22.76413 -10.29496 11.54002 31.04305 39.10715 60.08195 66.00629 83.70539 58.14968 72.60105 87.04492 95.10825 89.57372 268.5371
-18.15535 -14.97441 -22.11621 -8.699712 13.72033 34.15879 43.17332 64.49374 67.95859 86.01102 61.52443 76.31239 89.83734 98.05743 92.06622 270.5411
-18.18377 -14.26307 -21.43023 -7.187942 15.94878 37.28745 47.5206 69.12218 69.88283 88.22334 65.03748 80.12486 92.6754 100.9195 94.63095 272.5451
-18.18925 -13.61876 -20.71617 -5.779346 18.325 40.27351 52.11474 73.85088 71.85851 90.54391 68.73242 83.90705 95.54527 103.918 97.24816 274.5491
-18.22295 -13.12012 -20.05973 -4.522176 20.80142 43.24847 56.77782 78.71897 73.7375 92.82249 72.44196 87.75741 98.38842 106.8834 99.79478 276.5531
-18.25716 -12.67687 -19.3488 -3.382816 23.48287 46.22041 61.53076 83.59874 75.56425 95.08947 76.19335 91.60485 101.2282 109.8957 102.3274 278.5571
-18.29652 -12.2188 -18.51894 -2.119442 26.33677 49.23462 66.43244 88.44913 77.33472 97.25829 79.95911 95.4107 104.0583 112.8423 104.8215 280.5611
-18.38521 -11.70461 -17.66072 -0.821542 29.22449 52.26299 71.47232 93.26284 79.06851 99.3943 83.68144 99.14531 106.8559 115.7612 107.2692 282.5651
-18.51496 -11.17721 -16.79105 0.4987704 32.08499 55.33768 76.59817 98.17827 80.76252 101.5306 87.3362 102.9193 109.6258 118.6863 109.7536 284.5692
-18.6308 -10.68313 -15.81032 1.793487 34.9709 58.41156 81.76423 103.223 82.48279 103.7559 90.96591 106.7376 112.3889 121.6964 112.3553 286.5732
-18.76242 -10.28559 -14.75551 3.028375 37.85315 61.43514 86.88152 108.3881 84.14874 106.0059 94.59453 110.5694 115.2627 124.7766 115.0881 288.5771
-18.93293 -9.958154 -13.65227 4.243993 40.69922 64.43963 92.02347 113.6933 85.79384 108.1845 98.3027 114.4268 118.2797 127.9073 117.9341 290.5812
-19.1602 -9.643011 -12.57811 5.386109 43.45487 67.4259 97.2775 119.0432 87.36826 110.2511 102.0689 118.3079 121.3604 131.0236 120.8257 292.5852
-19.41153 -9.277072 -11.52435 6.612209 46.12391 70.26765 102.6568 124.1681 88.87698 112.378 105.8298 122.0494 124.4207 134.2247 123.7082 294.5892
-19.70625 -8.893365 -10.54107 7.919676 48.6693 73.03958 107.9893 129.0713 90.26632 114.4267 109.4827 125.7276 127.433 137.3779 126.5821 296.5932
-20.06354 -8.53845 -9.613834 9.231509 51.15232 75.67696 113.1625 133.7571 91.57269 116.4977 113.0182 129.2967 130.3942 140.5753 129.5033 298.5972
-20.49791 -8.216314 -8.706087 10.57636 53.61078 78.25793 118.1643 138.3714 92.79231 118.5703 116.4845 132.8002 133.2703 143.7582 132.4114 300.6012
-20.94522 -7.943582 -7.7665 11.91454 56.02397 80.78103 123.0045 142.9436 93.91911 120.5903 119.8918 136.2112 136.0315 146.8764 135.2554 302.6052
-21.36453 -7.703984 -6.867379 13.23992 58.3993 83.24518 127.7436 147.4581 94.9843 122.4235 123.2287 139.5287 138.7522 149.8467 138.1207 304.6092
-21.74502 -7.469802 -6.034066 14.45066 60.74343 85.66982 132.4644 151.9168 96.01213 124.1349 126.4981 142.7779 141.3829 152.684 140.941 306.6132
-22.11954 -7.275913 -5.30367 15.62602 62.96894 87.97624 137.0299 156.1331 96.88348 125.731 129.5502 145.8447 143.8809 155.3586 143.5699 308.6172
-22.51281 -7.083116 -4.616678 16.76536 65.07363 90.19537 141.4308 160.0564 97.64166 127.2517 132.3776 148.7485 146.1507 157.8777 145.9371 310.6212
-22.97473 -6.976815 -4.012226 17.84279 66.94504 92.22298 145.5878 163.603 98.24551 128.6527 134.8872 151.4018 148.1755 160.2056 148.0195 312.6252
-23.46362 -6.955108 -3.482378 18.83521 68.61804 94.12116 149.5432 166.9278 98.79845 129.9049 137.1102 153.9071 149.9946 162.3305 149.9395 314.6293
-23.96106 -7.025745 -3.00122 19.71852 70.13838 95.83253 153.2742 169.9983 99.27468 131.0316 139.1423 156.1794 151.6827 164.2472 151.7861 316.6333
-24.46501 -7.088414 -2.56665 20.53054 71.5118 97.36539 156.7474 172.9247 99.67949 131.9983 141.0238 158.209 153.2714 166.0087 153.5999 318.6373
-24.95786 -7.127468 -2.171717 21.34893 72.70701 98.77322 159.9723 175.7812 99.95133 132.8101 142.7091 160.0461 154.7254 167.5604 155.3405 320.6413
-25.46276 -7.115558 -1.804084 22.12956 73.70594 100.043 163.0108 178.4379 100.1621 133.4665 144.2613 161.6735 156.01 168.9085 156.9603 322.6453
-25.98834 -7.080779 -1.489383 22.91503 74.53318 101.157 165.7723 180.7465 100.302 133.9846 145.6366 163.0605 157.0946 170.0608 158.4011 324.6493
-26.51553 -7.072991 -1.170785 23.49076 75.24799 102.0626 168.1228 182.632 100.2573 134.3881 146.8115 164.1193 157.9278 171.019 159.5858 326.6533
-27.01196 -7.048262 -0.8430994 24.03808 75.90784 102.8989 170.0242 184.3747 100.1183 134.8056 147.7233 165.0566 158.5235 171.9272 160.6023 328.6573
-27.47535 -7.100513 -0.4862978 24.45147 76.47007 103.5225 171.3911 185.8738 99.76057 135.0489 148.3404 165.761 158.9873 172.6945 161.5389 330.6613
-27.88443 -7.101717 -0.1189788 24.95497 76.92046 104.0099 172.4334 187.1688 99.39227 135.3698 148.7059 166.2962 159.2798 173.4444 162.4162 332.6653
-28.26415 -7.046015 0.2017053 25.46601 77.17183 104.5157 173.2289 188.3293 98.98638 135.4992 148.8463 166.7724 159.4429 173.8828 163.1566 334.6693
-28.64722 -6.971311 0.3993709 26.04688 77.19706 104.8648 173.9493 189.1617 98.5535 135.5433 148.8916 166.9748 159.518 174.1088 163.683 336.6733
-29.01374 -6.871396 0.4977881 26.44646 76.99853 105.1418 174.5856 189.8717 98.11302 135.3948 148.8532 167.037 159.4731 174.0896 164.0365 338.6774
-29.33502 -6.767117 0.5483087 26.88928 76.63235 105.3027 174.9814 190.4886 97.59303 135.135 148.6549 166.9535 159.2928 173.9503 164.2659 340.6814
-29.60074 -6.796265 0.5990199 27.12013 76.14323 105.2955 175.069 190.9588 97.05122 134.7499 148.2509 166.7191 159.0078 173.6728 164.4209 342.6854
-29.84533 -6.909073 0.5977591 27.24215 75.66464 105.1154 174.9486 191.1673 96.53017 134.3746 147.7439 166.3217 158.6981 173.3682 164.5087 344.6894
-30.06646 -7.074956 0.5789109 27.23459 75.21859 104.8049 174.6264 191.0455 96.0756 133.886 147.1873 165.8057 158.3416 172.9199 164.5374 346.6934
-30.22037 -7.267674 0.6150661 27.11798 74.83246 104.3212 174.1692 190.5485 95.6929 133.326 146.629 165.1403 157.9268 172.3727 164.504 348.6974
-30.28685 -7.465375 0.6801731 26.98968 74.46571 103.7423 173.6072 189.8793 95.32208 132.5896 146.0735 164.4108 157.4765 171.6893 164.4598 350.7014
-30.22192 -7.627758 0.7737839 26.92488 74.09664 103.0653 172.9232 189.1092 94.96499 131.7815 145.4911 163.5785 156.9796 170.9373 164.3736 352.7054
-30.0594 -7.788266 0.851153 26.76101 73.68543 102.2771 172.0509 188.2151 94.6184 131.0031 144.8382 162.6027 156.4434 170.1748 164.1471 354.7094
-29.87334 -7.93386 0.8932507 26.5782 73.26361 101.5104 171.0724 187.3334 94.28767 130.2551 144.164 161.6433 155.8807 169.4208 163.8101 356.7134
-29.73078 -8.077806 0.8699613 26.34893 72.74192 100.7222 170.0232 186.3623 93.93117 129.5082 143.4057 160.6595 155.3484 168.7177 163.4442 358.7174
-29.61454 -8.194204 0.8760881 26.08804 72.10992 99.89755 168.9529 185.2043 93.62519 128.8826 142.6059 159.6241 154.7695 168.0847 163.0263 360.7214
-29.53982 -8.339534 0.8400078 25.87746 71.32505 99.02979 167.8465 183.8828 93.29873 128.2996 141.7062 158.4924 154.0822 167.3369 162.4723 362.7255
-29.51108 -8.443254 0.7448099 25.61054 70.48051 98.05853 166.8806 182.4646 93.02362 127.8743 140.8025 157.1741 153.3291 166.5934 161.8028 364.7295
-29.50297 -8.534848 0.5422729 25.34697 69.60463 97.18727 166.0533 181.1843 92.71819 127.3513 139.8387 155.8838 152.5286 165.661 161 366.7335
-29.46906 -8.622194 0.2848442 25.031 68.69026 96.22269 165.2421 179.7942 92.36629 126.8685 138.8201 154.4394 151.7415 164.7783 160.1412 368.7375
-29.39924 -8.65163 0.04944249 24.78244 67.78636 95.3549 164.3766 178.4452 92.01571 126.3443 137.768 153.0612 150.917 163.8849 159.2419 370.7415
-29.31685 -8.615859 -0.1980486 24.57795 66.88676 94.57306 163.38 177.0912 91.63852 125.7693 136.693 151.772 150.0949 162.9798 158.3199 372.7455
-29.20318 -8.530807 -0.4686758 24.34599 66.05592 93.79289 162.2695 175.6335 91.25434 125.2111 135.6201 150.5184 149.2927 162.0891 157.4045 374.7495
-29.00585 -8.462451 -0.6921638 24.15776 65.3538 93.03424 161.0126 174.1407 90.88387 124.6099 134.5998 149.3405 148.4978 161.148 156.5023 376.7535
-28.70195 -8.417108 -0.8590035 23.90863 64.7871 92.26949 159.5872 172.6806 90.56818 124.0619 133.6622 148.23 147.6967 160.2653 155.636 378.7575
-28.3489 -8.390479 -1.018412 23.61706 64.28957 91.57966 157.8919 171.3137 90.2339 123.469 132.716 147.2797 146.8641 159.312 154.7505 380.7615
-27.96295 -8.367413 -1.139105 23.34965 63.78345 90.81703 155.9954 169.8848 89.90976 122.9678 131.7293 146.3275 145.9939 158.474 153.8362 382.7655
-27.55497 -8.35855 -1.252758 23.09428 63.19493 89.98566 154.0388 168.3955 89.56246 122.4946 130.6401 145.3515 145.1584 157.6814 152.9328 384.7695
-27.1356 -8.274781 -1.377841 22.86983 62.54523 89.16541 152.2444 166.9606 89.28398 122.0331 129.5791 144.425 144.4154 156.9454 152.1369 386.7736
-26.75143 -8.132918 -1.516609 22.73949 61.8473 88.35022 150.7208 165.6065 89.0358 121.5635 128.5959 143.5625 143.7987 156.2428 151.4694 388.7776
-26.35762 -7.941677 -1.623996 22.69232 61.15902 87.53356 149.5114 164.3129 88.89827 121.2606 127.7725 142.7542 143.2884 155.6891 150.8852 390.7816
-25.94239 -7.726928 -1.727461 22.65862 60.53286 86.78777 148.5103 163.0842 88.84618 121.0086 127.1038 141.977 142.8836 155.1575 150.3724 392.7856
-25.54558 -7.468394 -1.83427 22.62342 60.04059 86.24155 147.6869 162.0197 88.8858 120.8162 126.5985 141.2613 142.5424 154.6028 149.8796 394.7896
-25.19083 -7.19431 -1.865888 22.56457 59.66982 85.82052 147.005 161.0982 88.9455 120.7096 126.1858 140.5502 142.2453 154.1071 149.4097 396.7936
-24.89248 -6.924536 -1.870927 22.41628 59.35263 85.44303 146.389 160.3131 88.93262 120.6245 125.79 139.8757 141.9867 153.7161 148.9697 398.7976
-24.61828 -6.644712 -1.904851 22.21176 59.06082 85.18782 145.8423 159.7302 88.86539 120.5252 125.3833 139.3811 141.7183 153.3773 148.5022 400.8016
-24.37282 -6.302511 -2.013398 22.08891 58.78188 84.95875 145.3397 159.1466 88.77883 120.4517 124.9674 138.956 141.43 153.1098 147.9958 402.8056
-24.14048 -5.856713 -2.197915 22.02956 58.48897 84.87827 144.8448 158.6399 88.70675 120.3436 124.5801 138.7121 141.1491 152.8241 147.4771 404.8096
-23.8447 -5.374897 -2.399484 22.02455 58.21783 84.76593 144.2068 158.0365 88.58466 120.2912 124.2165 138.4237 140.8827 152.5805 146.9873 406.8136
-23.46598 -4.804314 -2.572401 22.11609 58.00107 84.7327 143.3664 157.4406 88.47871 120.2229 123.8485 138.1604 140.5861 152.2865 146.528 408.8176
-23.10485 -4.1699 -2.734902 22.35923 57.83331 84.80315 142.4253 156.8226 88.38232 120.1202 123.4594 137.9649 140.2756 151.8967 146.1139 410.8217
-22.84356 -3.503966 -2.895844 22.57493 57.6817 84.80885 141.4933 156.1028 88.30952 120.1836 123.0635 137.7426 139.9799 151.6474 145.7427 412.8257
-22.67086 -2.838596 -3.027388 22.74772 57.56064 84.83855 140.6084 155.4776 88.24984 120.2579 122.669 137.5776 139.6951 151.3688 145.3377 414.8297
-22.51455 -2.218048 -3.123132 22.87665 57.49924 84.84308 139.8009 154.9567 88.25255 120.3585 122.3438 137.418 139.469 151.1002 144.9479 416.8337
-22.30694 -1.590808 -3.143959 23.02221 57.484 84.87593 139.1299 154.5805 88.3535 120.5023 122.0987 137.3354 139.3124 150.9082 144.622 418.8377
-22.06001 -0.8954551 -3.186504 23.22592 57.45962 85.01881 138.6434 154.3527 88.50961 120.6961 121.973 137.374 139.24 150.7969 144.449 420.8417
-21.82854 -0.1262828 -3.313304 23.55282 57.40025 85.27596 138.3156 154.1811 88.714 120.895 121.9208 137.5258 139.2984 150.747 144.4502 422.8457
-21.63415 0.6772792 -3.447417 23.91454 57.363 85.64431 138.0768 154.0448 89.00007 121.1138 121.9477 137.8158 139.465 150.7709 144.5645 424.8497
-21.47839 1.39642 -3.485027 24.22993 57.36244 86.05851 137.8115 153.9583 89.35403 121.4065 122.0531 138.2288 139.6764 150.8834 144.7415 426.8537
-21.32884 2.024997 -3.435952 24.45075 57.3683 86.43446 137.4773 153.8993 89.69989 121.7312 122.1796 138.6386 139.8211 151.034 144.8858 428.8577
-21.21658 2.590892 -3.472524 24.67629 57.32076 86.80853 137.1226 153.9213 89.93098 122.0683 122.209 139.0213 139.879 151.2172 145.004 430.8617
-21.11816 3.158792 -3.561576 24.9301 57.20382 87.29474 136.832 154.0953 90.17149 122.3189 122.0988 139.4737 139.9151 151.3828 145.1927 432.8657
-20.9891 3.668216 -3.630683 25.23423 57.00641 87.6768 136.4961 154.0955 90.3831 122.5316 121.8746 139.7865 139.9455 151.5538 145.4218 434.8698
-20.81558 4.1268 -3.621486 25.48287 56.72281 87.99471 136.1596 153.9509 90.63023 122.6964 121.6171 140.0041 139.9682 151.6535 145.6641 436.8737
-20.62459 4.539982 -3.592447 25.74962 56.36937 88.21826 135.8178 153.7048 90.84158 122.8194 121.3055 140.0669 139.994 151.7157 145.8959 438.8777
-20.41524 4.95279 -3.555811 26.03554 56.04254 88.54009 135.471 153.6242 91.11493 122.9446 120.9634 140.1978 139.9855 151.7449 146.1067 440.8818
-20.2051 5.331301 -3.555826 26.37254 55.79417 88.79584 134.9881 153.604 91.38213 123.1268 120.6068 140.2759 139.9724 151.7958 146.2898 442.8858
-20.03922 5.654644 -3.627762 26.68779 55.57977 88.92594 134.3474 153.617 91.65975 123.3585 120.2344 140.2532 139.9437 151.8637 146.4954 444.8898
-19.92698 5.921665 -3.791412 27.00271 55.3408 89.03286 133.6943 153.6698 91.96816 123.6052 119.8516 140.2085 139.8843 151.9217 146.7165 446.8938
-19.86805 6.131342 -4.017852 27.22336 55.05117 89.07449 133.1466 153.5837 92.31393 123.8311 119.4737 140.1304 139.8176 151.9974 146.9555 448.8978
-19.83658 6.27245 -4.250822 27.36736 54.66379 89.12154 132.66 153.3473 92.58821 123.9231 119.0672 140.0753 139.7275 151.9633 147.1575 450.9018
-19.79325 6.445563 -4.461433 27.57127 54.22193 89.12582 132.1472 152.9787 92.84993 124.0424 118.6985 139.9476 139.6052 151.9761 147.3818 452.9058
-19.73133 6.625431 -4.690874 27.71347 53.78074 89.07279 131.5001 152.5217 93.07954 124.1131 118.3179 139.7373 139.4701 151.9316 147.6634 454.9098
-19.62658 6.773335 -4.932452 27.77294 53.39467 88.89092 130.669 151.961 93.27277 124.1426 117.8736 139.4391 139.2831 151.8473 147.9348 456.9138
-19.48182 6.869291 -5.174199 27.84757 53.0063 88.56751 129.7149 151.299 93.41209 124.1461 117.3489 139.1042 139.0246 151.7143 148.1759 458.9178
-19.34328 6.899542 -5.35106 27.84429 52.52589 88.1447 128.7067 150.5406 93.52982 124.0042 116.7767 138.7499 138.7448 151.4688 148.4089 460.9218
-19.24754 6.939908 -5.448385 27.89344 52.01668 87.67253 127.7554 149.6405 93.68421 123.868 116.2087 138.331 138.454 151.2599 148.6959 462.9258
-19.12497 6.982727 -5.43752 27.80021 51.54079 87.23654 126.8528 148.6731 93.86567 123.6766 115.6354 137.896 138.1932 150.9829 149.0104 464.9299
-18.93436 7.037874 -5.375448 27.66807 51.16139 86.7831 125.9951 147.6661 94.03526 123.4089 115.1099 137.3627 137.9469 150.6139 149.2752 466.9339
-18.66338 7.077043 -5.230507 27.45187 50.86688 86.29595 125.1003 146.7169 94.16306 123.0582 114.6002 136.7184 137.6689 150.1358 149.3857 468.9379
-18.36295 7.084936 -5.076225 27.22683 50.61861 85.80471 124.0997 145.8841 94.18945 122.6247 114.0741 136.047 137.2885 149.5266 149.2993 470.9419
-18.07515 7.051813 -4.936366 27.05059 50.34094 85.20584 123.0223 145.0116 94.14242 122.243 113.4819 135.2752 136.7947 148.8641 149.077 472.9459
-17.8457 7.039478 -4.811979 26.8483 49.99747 84.60591 121.9514 144.1428 94.09043 121.8294 112.8436 134.496 136.2525 148.1268 148.7972 474.9499
-17.66721 7.021431 -4.608705 26.61707 49.60065 83.86185 120.9872 143.0599 93.96758 121.4613 112.13 133.5356 135.7206 147.4441 148.5035 476.9539
-17.4861 7.022276 -4.344324 26.45298 49.15631 83.19648 120.1454 142.0024 93.81002 121.0569 111.3279 132.6506 135.1445 146.7461 148.1652 478.9579
-17.33157 6.986534 -4.213281 26.1994 48.61406 82.48105 119.2612 140.8537 93.55392 120.5875 110.3659 131.6869 134.5236 146.0155 147.7671 480.9619
-17.17381 6.921872 -4.266364 25.96527 48.02285 81.715 118.2809 139.6343 93.29099 120.0879 109.3203 130.615 133.8382 145.2601 147.3008 482.9659
-17.00479 6.855808 -4.439299 25.73446 47.38074 80.86159 117.1139 138.3065 92.98808 119.4858 108.2157 129.408 133.0913 144.401 146.7549 484.9699
-16.83264 6.772499 -4.621819 25.48461 46.67547 79.95217 115.8099 136.8984 92.5435 118.8011 107.0207 128.1242 132.2672 143.4363 146.0478 486.9739
-16.69116 6.681865 -4.843532 25.24025 45.88964 78.99565 114.4893 135.4744 92.02536 118.0254 105.7211 126.8045 131.4004 142.4461 145.3226 488.978
-16.56446 6.517823 -5.073822 24.84855 44.96342 77.95837 113.1686 133.9927 91.47717 117.1299 104.3529 125.4403 130.5521 141.4088 144.6176 490.982
-16.4407 6.351628 -5.289691 24.39404 43.97246 76.77111 111.8391 132.4162 91.00347 116.3152 103.0357 123.9931 129.735 140.4521 143.959 492.986
-16.3329 6.150389 -5.496486 23.82571 42.94273 75.47932 110.4237 130.7922 90.61848 115.48 101.7347 122.5131 128.9159 139.4817 143.3131 494.99
-16.27841 5.902046 -5.760684 23.20673 41.89276 74.10898 108.8455 129.0692 90.15632 114.6385 100.3819 121.0042 128.0537 138.4473 142.6057 496.994
-16.26693 5.665223 -6.026634 22.47401 40.83162 72.71427 107.1938 127.2648 89.6497 113.8648 99.04111 119.4698 127.1033 137.4029 141.8208 498.998
-16.31965 5.428205 -6.270146 21.84206 39.76991 71.3075 105.6046 125.3947 89.10065 113.0906 97.74158 117.8409 126.1298 136.3474 140.9873 501.002
-16.38331 5.169383 -6.481002 21.2102 38.70243 69.9488 104.0439 123.5937 88.44401 112.2174 96.42577 116.1875 125.1561 135.2157 140.1593 503.006
-16.41204 4.902461 -6.657674 20.59771 37.65901 68.53854 102.5064 121.7545 87.72756 111.3546 95.09273 114.4474 124.1393 134.1017 139.3324 505.01
-16.45987 4.668751 -6.862855 20.05607 36.62614 67.09371 101.079 119.8576 87.00546 110.5764 93.76582 112.6874 123.0114 132.9926 138.409 507.014
-16.54917 4.467787 -7.112295 19.55536 35.60045 65.76713 99.76762 118.0778 86.2884 109.7438 92.48066 111.0864 121.84 131.7921 137.412 509.018
-16.6443 4.248094 -7.42998 19.09648 34.58553 64.46194 98.46796 116.3242 85.57095 108.8961 91.2234 109.5177 120.6519 130.5842 136.4588 511.022
-16.71959 4.067619 -7.778232 18.69774 33.61308 63.32285 97.14266 114.7332 84.91472 108.1018 89.98846 108.1091 119.4296 129.4377 135.5579 513.0261
-16.79243 3.891467 -8.132673 18.33044 32.63874 62.2436 95.7583 113.2152 84.19115 107.3238 88.70197 106.742 118.1604 128.3126 134.6168 515.0301
-16.82925 3.77042 -8.497001 17.98538 31.66679 61.16344 94.38593 111.7421 83.45052 106.6037 87.39487 105.3927 116.894 127.2357 133.722 517.0341
-16.8466 3.649451 -8.870811 17.5138 30.64532 60.06572 92.95126 110.2467 82.61874 105.7758 86.06877 104.0432 115.6364 126.0371 132.8486 519.0381
-16.88331 3.630483 -9.229777 17.12085 29.68091 58.98678 91.58099 108.7403 81.84165 104.9642 84.81264 102.6841 114.4691 124.8932 132.0602 521.0421
-16.96626 3.619823 -9.54682 16.71773 28.72427 57.99506 90.12777 107.3036 81.01518 104.0907 83.57666 101.384 113.3658 123.7262 131.3208 523.0461
-17.05908 3.607988 -9.823046 16.34547 27.769 57.00562 88.62092 105.8357 80.21468 103.3309 82.29162 100.0871 112.2976 122.6927 130.63 525.0501
-17.11299 3.589323 -10.02405 15.95812 26.8031 56.13318 87.1512 104.4269 79.47187 102.5823 80.97417 98.96938 111.2475 121.6732 129.9039 527.0541
-17.14807 3.544616 -10.20959 15.51567 25.80736 55.17929 85.66109 102.8445 78.69565 101.9631 79.62795 97.82967 110.2186 120.746 129.0792 529.0581
-17.21481 3.511493 -10.38274 15.14864 24.8233 54.3629 84.10044 101.3514 77.86521 101.2119 78.28322 96.83025 109.1855 119.7098 128.2265 531.0621
-17.33639 3.501453 -10.56585 14.82109 23.85912 53.48907 82.44072 99.8359 76.98741 100.4988 76.93633 95.71809 108.1176 118.7582 127.401 533.0662
-17.46021 3.499454 -10.78523 14.49263 22.89378 52.66439 80.7141 98.42646 76.14436 99.78719 75.56186 94.61158 107.0187 117.7944 126.5985 535.0701
-17.56333 3.466675 -11.0226 14.20272 21.89212 51.83922 78.96663 97.01184 75.30538 99.08882 74.16507 93.49068 105.8994 116.8363 125.7898 537.0742
-17.63517 3.441055 -11.30577 13.98618 20.84945 51.1768 77.33217 95.78195 74.49858 98.2675 72.72646 92.57128 104.7446 115.8029 125.031 539.0782
-17.65523 3.407691 -11.64883 13.81738 19.77554 50.38542 75.85887 94.50806 73.67623 97.61931 71.27686 91.56989 103.6395 114.966 124.3337 541.0822
-17.63454 3.344403 -12.06336 13.63002 18.6588 49.70541 74.55014 93.50551 72.87015 96.92409 69.87794 90.7634 102.5833 114.0503 123.6312 543.0862
-17.59439 3.256241 -12.48233 13.34431 17.53535 48.92611 73.33762 92.53892 72.10253 96.37934 68.55466 89.93355 101.6016 113.281 122.9641 545.0902
-17.55882 3.15031 -12.78839 13.03915 16.43583 48.15461 72.12766 91.63605 71.36468 95.8726 67.32224 89.13238 100.6281 112.5265 122.2856 547.0942
-17.55088 3.084508 -13.04313 12.62102 15.4138 47.45909 70.85233 90.80435 70.64393 95.2998 66.09754 88.35463 99.64416 111.7346 121.5407 549.0982
-17.53715 3.06708 -13.30553 12.31314 14.52074 46.9254 69.56776 90.08739 69.92106 94.66463 64.92955 87.64587 98.67165 110.8764 120.7573 551.1022
-17.48869 3.138221 -13.61029 12.03469 13.73988 46.47894 68.28201 89.40311 69.22894 94.13549 63.80986 86.93532 97.76436 110.1495 120.0291 553.1062
-17.41525 3.28322 -13.9491 11.97331 13.06374 46.22564 67.06397 88.81081 68.59622 93.64507 62.74507 86.3503 96.90224 109.441 119.3019 555.1102
-17.34007 3.435512 -14.2884 11.84274 12.41868 45.94812 65.87933 88.15889 67.93502 93.18123 61.73014 85.73593 96.07375 108.7712 118.5137 557.1143
-17.24975 3.600662 -14.57692 11.73215 11.79471 45.63678 64.84386 87.51641 67.28795 92.77962 60.79955 85.12569 95.24419 108.1648 117.6891 559.1182
-17.13727 3.762009 -14.78202 11.60426 11.20194 45.36527 63.91956 86.99367 66.70489 92.36761 59.94562 84.60609 94.35696 107.5156 116.862 561.1223
-17.01331 3.897824 -14.94413 11.41466 10.63088 45.03681 62.98544 86.41812 66.14975 91.91679 59.12718 84.06817 93.48409 106.8294 116.1153 563.1263
-16.87708 4.007479 -15.06269 11.16934 10.11352 44.7191 62.05309 85.7676 65.63516 91.34536 58.35965 83.5489 92.63986 106.0168 115.4762 565.1302
-16.67598 4.111062 -15.09686 10.88443 9.676669 44.36208 61.18088 85.01265 65.25763 90.82218 57.66855 82.98388 91.86217 105.2454 115.0007 567.1343
-16.38789 4.12283 -15.05352 10.55075 9.266959 43.92471 60.31875 84.20758 64.90122 90.265 56.94654 82.35516 91.16624 104.4561 114.6071 569.1383
-16.09339 4.039245 -15.01812 10.10181 8.817095 43.38166 59.44123 83.40197 64.52267 89.63002 56.15695 81.67336 90.56796 103.6678 114.2432 571.1423
-15.81532 3.97038 -14.98444 9.708657 8.375522 42.78029 58.59299 82.62712 64.1263 89.06548 55.34777 80.9793 90.0261 103.0032 113.9006 573.1463
-15.59364 3.92762 -15.00733 9.317869 7.94145 42.22911 57.68517 81.91399 63.71402 88.48391 54.53468 80.35162 89.49117 102.3794 113.6034 575.1503
-15.40182 3.873505 -15.04759 8.956654 7.555884 41.67482 56.76593 81.17208 63.34661 87.91877 53.8426 79.72659 88.93324 101.8134 113.3143 577.1543
-15.23921 3.770902 -15.10819 8.529718 7.186872 41.04116 55.87729 80.32552 62.99851 87.32112 53.2508 78.99952 88.37878 101.2321 112.9813 579.1583
-15.07957 3.694039 -15.14875 8.199992 6.880681 40.43719 55.07713 79.46355 62.67128 86.73759 52.74625 78.24155 87.88368 100.6503 112.6237 581.1624
-14.91795 3.634415 -15.17484 7.909737 6.574858 39.92205 54.23821 78.66712 62.31652 86.14861 52.22351 77.52803 87.40929 100.0524 112.2762 583.1663
-14.7317 3.601314 -15.17356 7.626281 6.261436 39.46435 53.37569 77.92452 61.98727 85.64738 51.72134 76.86687 86.9108 99.51312 111.9767 585.1703
-14.57869 3.580652 -15.26215 7.373414 5.799626 39.00738 52.4299 77.14593 61.59349 85.23662 51.12203 76.2073 86.32537 99.03551 111.6033 587.1744
-14.55403 3.599462 -15.42298 7.079796 5.205369 38.6023 51.55421 76.41506 61.15145 84.85118 50.44125 75.60737 85.68756 98.58588 111.1902 589.1783
-14.64116 3.616771 -15.67242 6.808715 4.517081 38.19051 50.85173 75.70634 60.72075 84.5072 49.73283 75.00341 85.07613 98.18869 110.7545 591.1824
-14.71315 3.609071 -15.90462 6.55791 3.827802 37.74883 50.30244 74.96145 60.31445 84.14455 49.07318 74.33576 84.4611 97.73653 110.2652 593.1864
-14.69034 3.569947 -16.0695 6.11757 3.13212 37.27184 49.7205 74.17294 59.94238 83.72576 48.43256 73.59271 83.8529 97.19415 109.7228 595.1904
-14.59239 3.51414 -16.10002 5.738348 2.48487 36.91733 49.02459 73.54543 59.58221 83.23338 47.77058 72.95748 83.18536 96.55613 109.0942 597.1944
-14.5023 3.451665 -16.091 5.458291 1.888747 36.53598 48.19888 72.8895 59.15145 82.75306 47.03593 72.27596 82.48383 95.92714 108.3805 599.1984
-14.43429 3.410791 -16.12821 5.231784 1.342736 36.17134 47.38508 72.22139 58.75462 82.31918 46.24619 71.63799 81.74454 95.33282 107.6361 601.2024
-14.37257 3.366498 -16.16821 5.069543 0.8222582 35.90946 46.6248 71.59898 58.35615 81.80798 45.44885 71.11456 81.00488 94.64987 106.8518 603.2064
-14.26146 3.335943 -16.1123 4.887652 0.3322359 35.52612 45.82666 70.87019 57.95318 81.44028 44.64172 70.45667 80.23692 94.07003 106.0169 605.2104
-14.0815 3.390362 -15.98211 4.674217 -0.06572276 35.09122 44.93683 70.16883 57.54755 81.05219 43.8518 69.70873 79.5023 93.47659 105.1919 607.2144
-13.81114 3.526173 -15.81753 4.569102 -0.3260979 34.67948 44.03043 69.57484 57.20415 80.5909 43.1078 68.97176 78.82117 92.85319 104.4258 609.2184
-13.49099 3.710521 -15.66223 4.530091 -0.4869959 34.28078 43.23172 69.04955 56.93027 80.08805 42.45943 68.28905 78.21531 92.23598 103.7555 611.2225
-13.13928 3.866031 -15.57241 4.490257 -0.6712919 33.84133 42.56206 68.46762 56.64726 79.58282 41.87723 67.64111 77.72423 91.64014 103.2336 613.2264
-12.72293 4.02835 -15.45626 4.419179 -0.9115852 33.34139 42.0048 67.73651 56.43039 79.14708 41.34156 66.99261 77.23151 91.11413 102.7541 615.2305
-12.2547 4.182413 -15.28339 4.361952 -1.24104 32.89104 41.39919 66.86794 56.1568 78.64565 40.74789 66.36726 76.63251 90.50243 102.0787 617.2345
-11.81731 4.368964 -15.06303 4.249675 -1.58718 32.46355 40.7488 65.89025 55.81889 78.10618 40.10265 65.69514 75.97908 89.85891 101.2444 619.2385
-11.43188 4.527593 -14.83789 4.223028 -1.895181 32.0606 40.03686 64.91602 55.41001 77.49374 39.43951 65.00534 75.3006 89.15468 100.3416 621.2425
-11.09667 4.666133 -14.60779 4.155654 -2.129431 31.71314 39.27299 64.05148 54.97388 76.83143 38.80862 64.37762 74.57359 88.39727 99.42897 623.2465
-10.80184 4.799819 -14.38924 4.06486 -2.360227 31.27923 38.45658 63.15869 54.50356 76.25034 38.17547 63.68879 73.77531 87.74107 98.49686 625.2505
-10.50461 4.944242 -14.19746 4.072541 -2.606577 30.86061 37.65756 62.31676 53.99641 75.58942 37.50098 63.02245 72.95226 87.0625 97.58811 627.2545
-10.18115 5.080508 -14.01732 4.120915 -2.828273 30.50597 37.04665 61.60474 53.5154 74.83565 36.84737 62.45012 72.14606 86.32342 96.75351 629.2585
-9.849395 5.129144 -13.87003 4.038197 -3.033376 30.01995 36.54622 60.88506 52.96548 74.04952 36.18024 61.8203 71.39013 85.55941 96.02723 631.2625
-9.513606 5.106307 -13.74146 3.988979 -3.182974 29.51352 36.15446 60.28086 52.44465 73.24903 35.55091 61.23337 70.63805 84.76236 95.3289 633.2665
-9.184347 5.088799 -13.63756 3.810583 -3.317868 28.97016 35.6834 59.68356 51.8709 72.47919 34.88012 60.5937 69.9003 84.00891 94.58373 635.2706
-8.85455 5.153925 -13.5933 3.782958 -3.44131 28.54582 35.12403 59.23808 51.33237 71.75115 34.23121 60.04564 69.14217 83.26266 93.84509 637.2745
-8.497501 5.243675 -13.51794 3.685127 -3.540881 28.14605 34.52813 58.86475 50.88532 71.14701 33.65274 59.52892 68.36626 82.5429 93.09196 639.2786
-8.135821 5.248985 -13.42151 3.489516 -3.601002 27.62325 33.96325 58.39774 50.50218 70.58504 33.16329 58.9221 67.69916 81.84461 92.38244 641.2826
-7.788998 5.15786 -13.32071 3.255051 -3.59921 27.08231 33.54327 57.89475 50.20784 70.00932 32.75344 58.31592 67.2051 81.17986 91.76472 643.2866
-7.473217 4.993737 -13.25524 2.953614 -3.551551 26.51886 33.21221 57.31757 49.9216 69.42506 32.38595 57.68541 66.85242 80.56428 91.22159 645.2906
-7.17956 4.805383 -13.21374 2.592928 -3.486756 26.02325 32.91819 56.78387 49.62851 68.82626 32.04702 57.15725 66.53117 79.94662 90.72609 647.2946
-6.889697 4.617382 -13.12914 2.303747 -3.448852 25.54716 32.65004 56.20846 49.36117 68.4046 31.76307 56.67189 66.15785 79.4355 90.21848 649.2986
-6.605731 4.465785 -12.94654 2.031429 -3.447513 25.2018 32.33836 55.67085 49.09113 68.02619 31.5193 56.30855 65.77959 78.93574 89.71929 651.3026
-6.30172 4.357355 -12.6416 1.769281 -3.379378 24.80843 31.94576 55.00096 48.8396 67.73869 31.36698 55.86254 65.43151 78.53564 89.22868 653.3066
-5.987641 4.241076 -12.31377 1.506879 -3.224715 24.52971 31.54747 54.43002 48.60786 67.41557 31.30726 55.5131 65.10447 78.03983 88.7471 655.3106
-5.678939 4.113358 -12.00563 1.224118 -3.003772 24.17516 31.22637 53.83864 48.41465 67.1273 31.3237 55.09176 64.8462 77.6395 88.35277 657.3146
-5.389505 3.944675 -11.70727 0.8240492 -2.816147 23.78453 30.98503 53.28877 48.21028 66.81152 31.37275 54.67832 64.63499 77.2353 88.04659 659.3187
-5.115276 3.798256 -11.47884 0.3979599 -2.687278 23.35922 30.84713 52.82645 48.06725 66.57069 31.46124 54.29392 64.49298 76.9577 87.8495 661.3226
-4.889447 3.675437 -11.38888 0.02383668 -2.635286 22.99564 30.73079 52.50626 47.92813 66.31425 31.55868 54.03138 64.40047 76.67799 87.70316 663.3267
-4.753304 3.622313 -11.42624 -0.2578106 -2.688563 22.69639 30.52648 52.23494 47.76604 66.12252 31.6195 53.81509 64.22725 76.41739 87.51292 665.3307
-4.717196 3.659265 -11.55849 -0.4191007 -2.874731 22.50839 30.10756 52.04118 47.57278 65.84872 31.55771 53.64756 63.97903 76.07909 87.28573 667.3347
-4.733339 3.790567 -11.77191 -0.4307642 -3.147077 22.32945 29.59253 51.81123 47.38542 65.62307 31.44358 53.41512 63.74949 75.77644 87.0789 669.3387
-4.780847 3.931297 -12.06044 -0.3430207 -3.49571 22.17893 29.12729 51.56311 47.16805 65.40765 31.32903 53.15819 63.56865 75.47705 86.85915 671.3427
-4.862827 4.052647 -12.37691 -0.2394714 -3.913187 22.01457 28.80864 51.27564 46.92556 65.17706 31.18105 52.88059 63.41172 75.20262 86.61546 673.3467
-4.995668 4.160232 -12.66963 -0.1514172 -4.352 21.91068 28.61931 51.07632 46.63993 64.93967 30.96794 52.68577 63.22832 74.90607 86.34514 675.3507
-5.178063 4.274838 -12.89257 -0.04808395 -4.764465 21.78149 28.40311 50.88707 46.33234 64.64864 30.66689 52.47664 62.99693 74.57742 86.11697 677.3547
-5.365163 4.3616 -13.09114 0.04559013 -5.177145 21.61399 27.99165 50.67506 45.97955 64.43066 30.23685 52.23386 62.70541 74.28547 85.92062 679.3587
-5.466446 4.457119 -13.224 0.1566386 -5.513505 21.46511 27.46935 50.45688 45.65624 64.21386 29.80433 51.98944 62.41739 73.99664 85.72427 681.3627
-5.508324 4.534915 -13.37255 0.1973483 -5.840348 21.28564 26.90512 50.13869 45.34494 63.96783 29.32262 51.68214 62.19473 73.67188 85.53123 683.3668
-5.502903 4.627451 -13.54107 0.2474512 -6.207661 21.08413 26.28788 49.73289 45.07083 63.70606 28.74938 51.33393 61.96825 73.34797 85.35229 685.3707
-5.494606 4.688526 -13.6503 0.2338568 -6.596848 20.87261 25.60886 49.29621 44.79722 63.42442 28.08873 51.0002 61.69413 72.9705 85.10484 687.3748
-5.495269 4.662104 -13.65957 0.05919831 -6.929884 20.48691 24.92523 48.72553 44.55511 63.31591 27.46305 50.53996 61.33345 72.65136 84.68822 689.3788
-5.513964 4.587709 -13.66089 -0.1899373 -7.217683 20.08507 24.31765 48.20552 44.33722 63.22636 26.90051 50.10478 60.93703 72.26241 84.18644 691.3828
-5.526664 4.506372 -13.67937 -0.3989585 -7.534215 19.64214 23.79167 47.72418 44.09701 63.15666 26.40392 49.6325 60.55853 71.89053 83.73673 693.3868
-5.521018 4.492675 -13.76489 -0.5531343 -7.889295 19.29262 23.4001 47.41209 43.902 63.14384 25.9217 49.25631 60.20864 71.60668 83.36362 695.3908
-5.506474 4.505654 -13.9313 -0.7265822 -8.301901 18.91808 23.05673 47.09391 43.70451 63.12811 25.38325 48.86614 59.88094 71.39889 82.99828 697.3948
-5.496015 4.536561 -14.18515 -0.8219546 -8.714801 18.5292 22.71911 46.73445 43.45619 63.02882 24.827 48.51024 59.57993 71.17007 82.68683 699.3988
-5.489606 4.548646 -14.47711 -0.9745603 -9.087047 18.12971 22.43516 46.39836 43.22831 62.80995 24.33485 48.18898 59.34495 70.92471 82.504 701.4028
-5.472743 4.50312 -14.76174 -1.134162 -9.401981 17.70303 22.23088 46.07285 42.98204 62.59221 23.96429 47.79653 59.145 70.68988 82.35869 703.4068
-5.446637 4.462194 -14.9972 -1.260817 -9.631637 17.32486 22.05861 45.86267 42.81344 62.43522 23.73143 47.38988 58.92031 70.53313 82.21988 705.4108
-5.401103 4.404895 -15.20078 -1.49218 -9.826735 17.01087 21.76622 45.73037 42.62665 62.30252 23.55309 47.02855 58.65461 70.3935 82.00999 707.4149
-5.329759 4.324229 -15.32618 -1.635795 -9.98393 16.81416 21.33755 45.62551 42.41224 62.04873 23.36707 46.7839 58.42298 70.20602 81.81744 709.4188
-5.27826 4.198419 -15.38887 -1.838416 -10.14208 16.64939 20.81523 45.41828 42.20006 61.74604 23.12285 46.57262 58.21278 69.99162 81.65473 711.4229
-5.303572 4.025784 -15.47357 -2.041412 -10.36624 16.41409 20.24449 45.06702 41.94587 61.46732 22.80217 46.29431 57.98167 69.72981 81.45507 713.4269
-5.42285 3.878253 -15.63425 -2.223364 -10.64659 16.08644 19.6974 44.65832 41.66275 61.22495 22.42648 45.95108 57.72485 69.47871 81.20974 715.4308
-5.573123 3.773342 -15.85126 -2.450975 -10.93152 15.79027 19.31348 44.33544 41.36722 60.93661 22.06767 45.64188 57.43632 69.15807 80.9222 717.4349
-5.684855 3.708755 -16.06328 -2.738263 -11.13196 15.50633 19.15021 44.03497 41.11335 60.68017 21.78876 45.28984 57.16442 68.85124 80.61066 719.4389
-5.734584 3.650313 -16.24887 -2.957282 -11.24154 15.26257 19.11456 43.72887 40.8544 60.41506 21.58166 44.91302 56.89979 68.4872 80.19817 721.4429
-5.725825 3.639513 -16.392 -3.08567 -11.26931 15.0484 19.1958 43.43473 40.67041 60.20658 21.46226 44.54087 56.61903 68.10618 79.72757 723.4469
-5.688731 3.69439 -16.51596 -3.163923 -11.26487 14.85805 19.33203 43.18372 40.46946 59.95002 21.33673 44.17818 56.34727 67.67102 79.21017 725.4509
-5.627864 3.777283 -16.62599 -3.167285 -11.26928 14.52708 19.49936 42.78068 40.20877 59.75488 21.20832 43.65294 56.06229 67.30624 78.62676 727.4549
-5.508837 3.810188 -16.67584 -3.223211 -11.23207 14.17003 19.66028 42.27825 39.94343 59.43839 21.0836 43.05777 55.72868 66.87056 78.00327 729.4589
-5.341618 3.759046 -16.6412 -3.347323 -11.15855 13.76218 19.73113 41.68381 39.68898 59.09174 20.98005 42.37826 55.41147 66.4903 77.44309 731.463
-5.153268 3.629679 -16.51828 -3.547015 -11.04543 13.45017 19.71828 41.17447 39.48247 58.55884 20.95695 41.80637 55.18336 66.03204 77.00977 733.4669
-4.98347 3.479848 -16.3188 -3.855397 -10.92462 13.04189 19.68361 40.54816 39.3959 58.14713 21.01113 41.16352 55.03472 65.73887 76.69495 735.4709
-4.887169 3.363277 -16.11707 -4.211163 -10.84407 12.74676 19.66536 40.00795 39.33653 57.80027 21.05754 40.67351 54.94633 65.4963 76.38773 737.475
-4.78163 3.259301 -15.85458 -4.484385 -10.83032 12.53979 19.66077 39.55637 39.25018 57.54339 21.0358 40.34565 54.7949 65.28245 76.02039 739.4789
-4.61561 3.147399 -15.49385 -4.651551 -10.8796 12.26449 19.63907 39.05751 39.0682 57.3213 20.89143 40.02014 54.51088 65.06828 75.59799 741.483
-4.44214 3.017907 -15.14122 -4.948415 -11.01678 11.92704 19.51753 38.52707 38.78741 56.94672 20.62151 39.67604 54.09531 64.73824 75.136 743.487
-4.300975 2.928771 -14.86953 -5.117266 -11.18089 11.62263 19.32914 38.05239 38.47959 56.43023 20.33341 39.39645 53.62165 64.32594 74.62566 745.491
-4.167004 2.856283 -14.64745 -5.34573 -11.34343 11.37179 19.14698 37.66373 38.16022 55.88981 20.1258 39.18058 53.10406 63.85019 74.04218 747.495
-4.029612 2.808968 -14.50131 -5.58819 -11.47982 11.06833 19.0324 37.32571 37.84369 55.49923 19.96423 38.91879 52.59123 63.50723 73.44362 749.499
-3.864802 2.764376 -14.42307 -5.779393 -11.57292 10.82836 18.92402 37.17565 37.54396 55.15084 19.82631 38.74736 52.11423 63.1605 72.8835 751.503
-3.692751 2.719328 -14.38713 -6.018827 -11.6252 10.58775 18.73558 37.08055 37.23054 54.79507 19.67015 38.60453 51.61675 62.75726 72.37659 753.507
-3.548171 2.686962 -14.39848 -6.263484 -11.64736 10.38537 18.44639 36.93873 36.9003 54.34278 19.48343 38.46053 51.1051 62.25824 71.92864 755.511
-3.46566 2.638248 -14.47627 -6.436947 -11.67753 10.18027 18.03214 36.62335 36.51997 53.78526 19.28971 38.2017 50.62201 61.68262 71.50679 757.515
-3.431775 2.657559 -14.59306 -6.484915 -11.74335 10.04961 17.52294 36.23433 36.16076 53.23998 19.07343 37.89636 50.15133 61.1199 71.07212 759.519
-3.445585 2.701609 -14.7028 -6.431946 -11.87344 10.06054 16.98443 35.90995 35.80179 52.6251 18.85791 37.66689 49.68394 60.49994 70.63331 761.5231
-3.483671 2.704224 -14.81313 -6.320405 -12.0449 9.952993 16.51776 35.47211 35.42448 52.17202 18.64104 37.32666 49.23445 60.03989 70.22288 763.527
-3.549034 2.714111 -14.92889 -6.302514 -12.22582 9.924131 16.28222 35.20584 35.1147 51.73957 18.45004 37.13287 48.78647 59.60764 69.85651 765.5311
-3.609577 2.722136 -15.01331 -6.32477 -12.45975 9.782475 16.13091 34.88094 34.79643 51.32582 18.16717 36.87876 48.35304 59.24126 69.51328 767.5351
-3.599321 2.730861 -15.03798 -6.444911 -12.66753 9.533416 15.96781 34.43713 34.47859 50.93504 17.80276 36.54319 47.88311 58.88429 69.1806 769.5391
-3.489655 2.714243 -14.98624 -6.512832 -12.79461 9.193912 15.76614 33.911 34.1313 50.52302 17.42541 36.13469 47.44158 58.48197 68.85251 771.5431
-3.324596 2.807069 -14.89723 -6.514205 -12.77907 8.886497 15.68765 33.53358 33.88574 50.23431 17.15351 35.78158 47.0053 58.14895 68.53714 773.5471
-3.13408 2.895085 -14.78973 -6.516274 -12.69195 8.539877 15.60789 33.2022 33.64228 49.9902 16.90249 35.41123 46.5724 57.83662 68.17226 775.5511
-2.957652 2.909263 -14.71767 -6.632895 -12.60919 8.151578 15.4507 32.80536 33.34217 49.66226 16.6254 35.01179 46.08837 57.45024 67.70427 777.5551
-2.785649 2.843148 -14.67533 -6.822442 -12.58376 7.673954 15.2071 32.24117 33.07204 49.35991 16.32293 34.50109 45.55574 57.08934 67.13441 779.5591
-2.616718 2.698174 -14.62767 -7.06332 -12.63694 7.200699 14.89333 31.59947 32.80731 48.97534 16.04435 33.9435 45.0552 56.63975 66.49379 781.5631
-2.461492 2.531119 -14.55847 -7.371058 -12.73863 6.753642 14.52812 30.95586 32.51051 48.52945 15.80916 33.39878 44.62276 56.12387 65.84785 783.5671
-2.301547 2.385352 -14.45339 -7.702873 -12.82635 6.307647 14.17043 30.32208 32.21218 48.05941 15.61677 32.88448 44.22087 55.59472 65.26541 785.5712
-2.162305 2.288924 -14.38043 -7.914919 -12.87603 5.965502 13.92225 29.78318 31.9103 47.56801 15.47503 32.48721 43.84569 55.0475 64.75123 787.5751
-2.107059 2.283365 -14.38837 -8.08053 -12.88982 5.696701 13.79093 29.28687 31.58506 47.06707 15.36907 32.163 43.5323 54.56551 64.34073 789.5792
-2.178116 2.362327 -14.47854 -8.159025 -12.9287 5.593905 13.69438 28.90033 31.26398 46.51125 15.27402 31.99132 43.25048 54.08666 64.01872 791.5832
-2.283283 2.457186 -14.58133 -8.147014 -12.96644 5.600435 13.60763 28.58936 30.9906 46.03452 15.19397 31.90383 42.92205 53.62542 63.69744 793.5872
-2.408384 2.509778 -14.7577 -8.169158 -13.09293 5.666372 13.46233 28.40084 30.64558 45.56462 15.01901 31.83805 42.57207 53.11234 63.31876 795.5912
-2.475841 2.531348 -14.90175 -8.229914 -13.28225 5.638017 13.33379 28.25496 30.3597 45.27761 14.79646 31.68774 42.1792 52.73708 62.87066 797.5952
-2.443687 2.540808 -14.94828 -8.278489 -13.49071 5.622233 13.21653 28.23301 30.09827 45.08897 14.55534 31.58827 41.80214 52.42903 62.42698 799.5992
-2.328937 2.580904 -14.90895 -8.313497 -13.60285 5.559208 13.13245 28.24252 29.87529 45.0476 14.3974 31.47676 41.52096 52.27483 62.14111 801.6032
-2.201021 2.600327 -14.79159 -8.259131 -13.57778 5.506514 13.09578 28.27929 29.75767 45.01311 14.39872 31.40376 41.33374 52.15827 62.04375 803.6072
-2.117773 2.596928 -14.6977 -8.253829 -13.47609 5.423401 13.05491 28.24299 29.63188 44.97932 14.5087 31.28986 41.22281 52.06053 62.01817 805.6112
-2.040161 2.605198 -14.6966 -8.151668 -13.33556 5.46302 12.97438 28.25224 29.49932 44.8311 14.64855 31.25728 41.12238 51.88185 61.94965 807.6152
-1.953739 2.638189 -14.76873 -8.025266 -13.1987 5.550866 12.84679 28.22063 29.37132 44.63161 14.78581 31.21208 41.02517 51.68012 61.78854 809.6193
-1.852126 2.648745 -14.86879 -7.863842 -13.10582 5.646193 12.73239 28.137 29.25864 44.42441 14.89179 31.15962 40.92394 51.42479 61.58315 811.6232
-1.734905 2.600774 -14.94779 -7.78874 -13.01107 5.585628 12.65414 27.87168 29.17997 44.30473 15.03593 30.97956 40.842 51.22646 61.46672 813.6273
-1.603602 2.516123 -14.97107 -7.628839 -12.92407 5.536135 12.60321 27.56858 29.13877 44.15704 15.24752 30.84763 40.81551 51.02957 61.44997 815.6313
-1.477288 2.502593 -14.87358 -7.464082 -12.80607 5.491339 12.5475 27.2417 29.1395 44.03825 15.46811 30.76211 40.86512 50.96651 61.5094 817.6353
-1.350721 2.553391 -14.66842 -7.279761 -12.66265 5.476821 12.48829 26.97376 29.10568 43.93837 15.59538 30.71185 40.96398 50.96595 61.57808 819.6393
-1.197417 2.61115 -14.38263 -7.177669 -12.4428 5.431741 12.47823 26.71664 29.08003 43.86062 15.70511 30.60814 41.09834 50.95484 61.64513 821.6433
-1.025226 2.595083 -14.08221 -7.071908 -12.19309 5.454383 12.48769 26.568 29.01856 43.70347 15.78094 30.54877 41.18951 50.82363 61.62966 823.6473
-0.852995 2.569496 -13.79419 -7.02203 -11.96086 5.501943 12.49404 26.53152 28.96223 43.60268 15.83628 30.50098 41.22797 50.72221 61.6035 825.6513
-0.7301216 2.596724 -13.57768 -6.927149 -11.78753 5.648271 12.49623 26.65477 28.82484 43.59742 15.83684 30.51019 41.18695 50.66656 61.49976 827.6553
-0.6599998 2.658383 -13.4197 -6.870618 -11.6966 5.842496 12.4469 26.86053 28.64127 43.58045 15.75922 30.54195 41.08762 50.58214 61.29319 829.6593
-0.6123802 2.689352 -13.29094 -6.920576 -11.64682 5.876453 12.36571 26.87945 28.44742 43.57494 15.69193 30.41777 40.94983 50.48898 60.99261 831.6633
-0.536415 2.651563 -13.17129 -7.02776 -11.5716 5.83367 12.37511 26.79422 28.31805 43.48798 15.74867 30.23645 40.80297 50.287 60.65025 833.6674
-0.4390989 2.608959 -13.07869 -7.165008 -11.39827 5.675097 12.47433 26.55558 28.25176 43.34858 15.91705 29.9399 40.67398 50.06903 60.28179 835.6713
-0.3308161 2.537749 -13.01856 -7.269039 -11.12325 5.511524 12.45064 26.2387 28.10343 43.04261 16.09083 29.59059 40.53507 49.70438 59.82723 837.6754
-0.187885 2.535851 -12.94563 -7.403347 -10.74534 5.449321 12.272 25.97151 27.97865 42.58025 16.2935 29.28021 40.34295 49.18001 59.32365 839.6794
-0.01775272 2.567891 -12.82404 -7.530707 -10.34875 5.26544 12.03192 25.50825 27.86154 42.16926 16.54646 28.82106 40.13809 48.68759 58.8257 841.6833
0.1747978 2.66323 -12.6626 -7.631183 -9.998032 5.118018 11.88477 25.03724 27.81841 41.87735 16.77883 28.44795 39.96145 48.28041 58.43354 843.6874
0.4162625 2.762408 -12.42465 -7.592518 -9.647622 5.052375 11.83985 24.63186 27.81277 41.65409 16.99768 28.20375 39.8191 47.9208 58.11412 845.6914
0.6846588 2.805691 -12.07835 -7.636003 -9.298149 4.949286 11.8065 24.25134 27.77736 41.46107 17.11534 27.93746 39.65356 47.57009 57.79548 847.6954
0.972815 2.812791 -11.67983 -7.72575 -8.962259 4.792909 11.74379 23.8955 27.67515 41.23838 17.16403 27.60601 39.45087 47.19306 57.4183 849.6994
1.289929 2.873112 -11.27108 -7.691751 -8.617496 4.689359 11.72215 23.59123 27.5687 40.93777 17.16755 27.30224 39.20937 46.79536 56.97943 851.7034
1.669615 2.960188 -10.85985 -7.56881 -8.339038 4.577978 11.71661 23.21027 27.41856 40.65324 17.13621 26.94811 38.92657 46.45988 56.4459 853.7074
2.078127 3.065057 -10.42758 -7.38574 -8.118411 4.592215 11.75264 22.97767 27.25794 40.18144 17.09546 26.74302 38.67961 46.03249 55.93677 855.7114
2.459003 3.189973 -9.993093 -7.132111 -7.905409 4.508388 11.83135 22.73047 27.12123 39.83731 17.11224 26.50253 38.45158 45.76283 55.49062 857.7155
2.721495 3.320563 -9.648647 -6.96322 -7.705723 4.491841 11.94371 22.63062 27.01126 39.51624 17.18175 26.42675 38.24216 45.52821 55.17929 859.7194
2.931902 3.423731 -9.367822 -6.875856 -7.483326 4.411119 12.10358 22.45596 26.91109 39.31449 17.27472 26.32966 38.04692 45.40123 54.98438 861.7234
3.138644 3.475713 -9.157495 -6.759913 -7.244905 4.33665 12.246 22.27259 26.8581 39.11528 17.34251 26.23068 37.88125 45.31119 54.85253 863.7275
3.353262 3.473604 -8.934294 -6.650519 -6.955614 4.255485 12.3509 22.06881 26.8531 38.88054 17.49912 26.09145 37.7297 45.16734 54.69534 865.7314
3.503881 3.460286 -8.742282 -6.54566 -6.69466 4.166739 12.37935 21.89239 26.84096 38.71634 17.69084 25.93016 37.57085 45.07055 54.45626 867.7355
3.619898 3.470447 -8.562303 -6.445744 -6.458266 4.160094 12.33901 21.81503 26.81191 38.61954 17.88005 25.8459 37.44967 45.01125 54.16396 869.7395
3.796052 3.525501 -8.386773 -6.288295 -6.204113 4.307537 12.22861 21.94489 26.83126 38.6058 18.10342 25.90969 37.32941 45.03324 53.84705 871.7435
4.00719 3.574273 -8.283436 -6.105671 -5.998424 4.517681 12.01493 22.16316 26.77152 38.63146 18.30274 25.98349 37.22627 45.08657 53.46831 873.7475
4.224512 3.623849 -8.221898 -5.889702 -5.796493 4.805684 11.86898 22.52712 26.72903 38.6463 18.54747 26.13385 37.15707 45.10715 53.15304 875.7515
4.430163 3.607579 -8.100135 -5.877106 -5.594353 4.938745 11.77772 22.74971 26.66789 38.75418 18.78399 26.15634 37.0953 45.19472 52.87991 877.7555
4.586632 3.545125 -7.950364 -5.878404 -5.383046 5.106944 11.60456 22.89516 26.54074 38.69196 18.96206 26.20043 37.02776 45.13508 52.61043 879.7595
4.683146 3.529485 -7.804813 -5.977344 -5.151746 5.294445 11.32458 22.89809 26.45977 38.58666 19.09296 26.23087 36.93537 45.06689 52.39853 881.7635
4.703118 3.511723 -7.722936 -6.086901 -4.962266 5.47331 10.9196 22.70851 26.34899 38.46391 19.15025 26.20536 36.85487 44.95922 52.18821 883.7675
4.689065 3.517132 -7.664011 -6.118339 -4.8018 5.726481 10.49711 22.4793 26.31855 38.3884 19.18524 26.25401 36.79778 44.83174 51.95219 885.7715
4.660729 3.564076 -7.588425 -6.191741 -4.668357 5.945026 10.1479 22.1804 26.34073 38.30848 19.19309 26.27431 36.83933 44.71026 51.73979 887.7756
4.671803 3.668736 -7.460295 -6.211614 -4.567908 6.085456 9.963179 21.90248 26.43981 38.32198 19.23095 26.26577 36.95393 44.67293 51.61237 889.7795
4.728735 3.781929 -7.257985 -6.256791 -4.465568 6.136702 9.883321 21.62658 26.59659 38.31814 19.28683 26.18602 37.14185 44.61728 51.63562 891.7836
4.821696 3.873134 -6.968357 -6.274427 -4.28876 6.214252 9.805437 21.38121 26.71274 38.3024 19.3811 26.08686 37.27963 44.44304 51.64532 893.7876
4.933771 4.000167 -6.543113 -6.238764 -3.999408 6.352058 9.766359 21.25394 26.85478 38.3088 19.58994 26.0527 37.3224 44.26563 51.57915 895.7916
5.039813 4.123555 -6.170526 -6.148717 -3.709931 6.535294 9.704778 21.31983 26.92506 38.35703 19.84523 26.11661 37.25591 44.11161 51.36256 897.7956
5.118749 4.2341 -5.944496 -6.156975 -3.4908 6.67155 9.689665 21.55555 27.01236 38.42995 20.11582 26.17704 37.14028 44.02545 51.06601 899.7996
5.155441 4.313768 -5.973289 -6.078043 -3.414347 6.783036 9.707595 21.84755 27.13355 38.44577 20.36071 26.24595 37.04838 43.90404 50.79204 901.8036
5.157193 4.351861 -6.173242 -6.074983 -3.469154 6.798593 9.708409 21.95173 27.24507 38.38965 20.57422 26.24556 36.93008 43.73788 50.47935 903.8076
5.168287 4.345716 -6.412416 -6.053613 -3.535947 6.714898 9.655254 21.87146 27.30065 38.30167 20.72312 26.18415 36.75254 43.5724 50.11429 905.8116
5.287269 4.301468 -6.502674 -6.053613 -3.461081 6.681206 9.672686 21.79881 27.39737 38.16236 20.89684 26.22035 36.5447 43.3862 49.76029 907.8156
5.470598 4.217314 -6.427894 -6.128802 -3.265649 6.491651 9.77076 21.51148 27.56119 38.2418 21.08993 26.15599 36.42442 43.40995 49.53321 909.8196
5.611229 4.12292 -6.304979 -6.227959 -3.063986 6.340003 9.883993 21.24736 27.79703 38.26085 21.29994 26.16108 36.48553 43.39745 49.53147 911.8237
5.650231 4.055109 -6.215611 -6.27829 -2.905609 6.205164 9.98436 21.04416 28.05021 38.33079 21.4991 26.19118 36.65714 43.43376 49.70879 913.8276
5.586234 4.029247 -6.215606 -6.263768 -2.756082 6.133926 10.1132 20.95379 28.32497 38.40613 21.69625 26.30027 36.87168 43.52672 50.00024 915.8317
5.490043 4.064897 -6.304073 -6.286391 -2.563117 6.080506 10.30459 20.84362 28.62154 38.50323 21.87654 26.40272 37.08992 43.71501 50.34697 917.8357
5.446662 4.04388 -6.39349 -6.359754 -2.323203 5.918509 10.53228 20.52442 28.82781 38.57712 22.05258 26.31253 37.29216 43.86585 50.60504 919.8397
5.508063 4.071225 -6.40576 -6.398537 -2.017866 5.881497 10.79558 20.37808 29.00633 38.58765 22.20601 26.26999 37.45424 43.91965 50.73875 921.8437
5.639946 4.128303 -6.305168 -6.522036 -1.690423 5.801674 11.00068 20.31704 29.13431 38.61665 22.33257 26.14429 37.58838 43.97284 50.82418 923.8477
5.755651 4.177309 -6.226624 -6.628899 -1.413619 5.672662 11.09347 20.34932 29.15 38.61288 22.38608 25.96838 37.66977 44.0398 50.8559 925.8517
5.801052 4.211009 -6.2415 -6.717281 -1.174963 5.594621 11.15635 20.56401 29.11677 38.54741 22.44374 25.88862 37.69339 44.07899 50.89119 927.8557
5.74053 4.192288 -6.341724 -6.809483 -1.001614 5.410475 11.16667 20.68527 29.03866 38.45122 22.45633 25.72873 37.705 44.14962 50.96497 929.8597
5.63512 4.144059 -6.540108 -6.977275 -0.9277788 5.19844 11.0485 20.64117 28.9525 38.29809 22.40254 25.54185 37.66461 44.14999 51.04222 931.8637
5.562611 4.068215 -6.784483 -7.279887 -0.9713718 4.91689 10.77569 20.34769 28.85155 38.08597 22.27145 25.25957 37.55779 44.07775 51.03194 933.8677
5.528809 4.041497 -7.069214 -7.52524 -1.057838 4.698358 10.46674 20.01945 28.79365 37.92942 22.09897 25.03076 37.42953 44.02785 50.93649 935.8718
5.523568 4.057352 -7.306406 -7.77627 -1.163182 4.537679 10.16579 19.67446 28.70592 37.85925 21.88368 24.86459 37.2924 43.99853 50.69956 937.8757
5.512116 4.161674 -7.453611 -7.78422 -1.260132 4.524345 9.999089 19.46652 28.59133 37.84814 21.64398 24.88481 37.12585 43.98297 50.43212 939.8798
5.497649 4.272833 -7.561271 -7.694696 -1.433579 4.631888 9.973549 19.36032 28.44129 37.85965 21.38486 25.03598 36.927 43.91079 50.17756 941.8838
5.499736 4.31532 -7.756913 -7.531098 -1.737942 4.720087 9.960443 19.18365 28.29456 37.97872 21.09873 25.13838 36.76687 43.91339 49.95416 943.8878
5.528684 4.31441 -7.994513 -7.401485 -2.111711 4.889165 9.872321 19.04552 28.13641 38.0705 20.7989 25.27 36.61256 43.88255 49.77202 945.8918
5.589331 4.382552 -8.175762 -7.183259 -2.457123 5.103768 9.755769 18.92606 28.02209 38.1577 20.56911 25.40164 36.44656 43.86706 49.61698 947.8958
5.643219 4.487962 -8.275982 -7.051553 -2.792617 5.304029 9.602535 18.73446 27.9222 38.18836 20.41311 25.53214 36.25498 43.76957 49.44821 949.8998
5.6597 4.612363 -8.378569 -6.894178 -3.116365 5.415858 9.367978 18.42708 27.80572 38.16454 20.28518 25.60608 36.03844 43.67693 49.30213 951.9038
5.684348 4.726749 -8.487183 -6.727269 -3.402361 5.471175 9.033645 18.0764 27.65733 38.21501 20.141 25.62754 35.76618 43.6759 49.18216 953.9078
5.72884 4.803526 -8.627337 -6.476916 -3.657684 5.66418 8.650134 17.89206 27.44192 38.19498 19.94538 25.7569 35.46052 43.58924 48.98906 955.9118
5.780328 4.856695 -8.728181 -6.223587 -3.91975 5.873675 8.353826 17.77227 27.27817 38.21458 19.74079 25.87372 35.15845 43.48545 48.70504 957.9158
5.838896 4.891551 -8.697434 -6.0467 -4.155974 5.982672 8.066305 17.55974 27.08924 38.20322 19.54087 25.87585 34.82997 43.31141 48.32258 959.9199
5.888134 4.976643 -8.587623 -5.765227 -4.344067 6.088031 7.721128 17.36063 26.84342 38.09404 19.33308 25.86639 34.47098 43.06886 47.87674 961.9238
5.887139 5.093739 -8.423277 -5.504459 -4.496764 6.237605 7.398892 17.26439 26.56209 37.89996 19.11309 25.91993 34.10095 42.80014 47.45781 963.9279
5.830832 5.285993 -8.251564 -5.191435 -4.579862 6.370953 7.214441 17.28091 26.31784 37.80788 18.95112 26.00818 33.75327 42.67682 47.15288 965.9319
5.742393 5.527369 -8.115762 -4.911143 -4.607263 6.473393 7.022466 17.36239 26.05684 37.73486 18.82129 26.08293 33.41321 42.59625 46.83243 967.9359
5.659204 5.797485 -7.990776 -4.554952 -4.567127 6.615563 6.765037 17.52289 25.83283 37.65401 18.66653 26.15323 33.08318 42.50263 46.46001 969.9399
5.621398 6.002734 -7.828131 -4.362874 -4.495555 6.798677 6.391782 17.7371 25.63251 37.49267 18.44067 26.23391 32.75228 42.35533 46.11269 971.9439
5.622232 6.109494 -7.682177 -4.143443 -4.421114 6.948162 5.943685 17.89487 25.42697 37.30683 18.20284 26.29499 32.38758 42.21721 45.82539 973.9479
5.590734 6.130754 -7.598794 -4.105805 -4.430058 7.001075 5.485456 17.9572 25.18215 37.07095 17.94753 26.29473 31.99829 42.07353 45.55095 975.9519
5.515395 6.122141 -7.667468 -4.091226 -4.537946 6.985499 5.051073 17.96843 24.88408 36.80234 17.66626 26.2703 31.57051 41.90092 45.23352 977.9559
5.41856 6.184294 -7.808849 -4.005541 -4.660083 6.948368 4.677457 17.96335 24.62446 36.5209 17.42805 26.23141 31.12083 41.72584 44.96782 979.9599
5.320161 6.228124 -7.951052 -4.09062 -4.776785 6.872231 4.267775 17.87987 24.36758 36.20679 17.2027 26.11763 30.68458 41.45396 44.69868 981.9639
5.22387 6.21179 -8.06591 -4.187623 -4.824891 6.748931 3.837429 17.72286 24.17943 35.87254 17.09267 25.92571 30.31801 41.11121 44.38549 983.968
5.152678 6.16704 -8.212013 -4.294256 -4.801572 6.633375 3.44129 17.59375 24.10744 35.57323 17.11872 25.76143 30.07132 40.78426 44.04589 985.9719
5.123992 6.102112 -8.377642 -4.503257 -4.67354 6.474949 3.228273 17.49537 24.13298 35.35535 17.28016 25.62725 29.8989 40.50079 43.77925 987.976
5.150548 6.018561 -8.538504 -4.789061 -4.52697 6.330622 3.188568 17.49469 24.15033 35.18088 17.48754 25.55847 29.79672 40.25003 43.61065 989.98
5.216667 5.943774 -8.605592 -5.019233 -4.371051 6.230062 3.310704 17.48659 24.13066 35.12101 17.65285 25.51981 29.67243 40.04204 43.41258 991.9839
5.286228 5.904089 -8.595905 -5.180784 -4.202925 6.132442 3.540275 17.35822 24.12169 35.19248 17.77037 25.46815 29.57842 39.9428 43.21347 993.988
5.341714 5.87381 -8.497845 -5.321708 -3.985224 6.151639 3.837831 17.21858 24.20028 35.33731 17.91338 25.55294 29.56083 39.8764 43.0692 995.992
5.414721 5.855583 -8.364665 -5.378263 -3.72708 6.19288 4.093998 17.04118 24.33569 35.52745 18.12205 25.66133 29.69776 39.93803 43.05259 997.996
