labels type theta radius X Y Z sph_theta sph_phi sph_radius urchan ref
Fp1 EEG -17.926 0.514988888888889 80.7840137690914 26.1330144040702 -4.00108454195971 17.926 -2.69799999999999 85 1 
Fp2 EEG 17.926 0.514988888888889 80.7840137690914 -26.1330144040702 -4.00108454195971 -17.926 -2.69799999999999 85 2 
AF3 EEG -22.461 0.421127777777778 76.1527667684846 31.4827967984807 20.8468131677331 22.461 14.197 85 3 
AF4 EEG 22.461 0.421127777777778 76.1527667684846 -31.4827967984807 20.8468131677331 -22.461 14.197 85 4 
Fz EEG 0 0.253377777777778 60.7384809484625 -0 59.4629038314919 -0 44.392 85 5 
F3 EEG -39.947 0.344594444444444 57.551063393099 48.2004273175388 39.8697116710185 39.947 27.973 85 6 
F4 EEG 39.897 0.3445 57.5840261068105 -48.1425964684523 39.8919834378528 -39.897 27.99 85 7 
F7 EEG -53.913 0.528083333333333 49.8713779489202 68.423335026954 -7.48951836002624 53.913 -5.055 85 8 
F8 EEG 53.867 0.528066666666667 49.9265268118817 -68.3835902976096 -7.48508507040089 -53.867 -5.052 85 9 
FC5 EEG -69.332 0.408233333333333 28.7628234353576 76.2473645099531 24.1669069868857 69.332 16.518 85 14 
FC6 EEG 69.332 0.408233333333333 28.7628234353576 -76.2473645099531 24.1669069868857 -69.332 16.518 85 15 
FT7 EEG -71.948 0.531916666666667 26.2075035325936 80.4100143118706 -8.5086048770556 71.948 -5.74500000000001 85 16 
FT8 EEG 71.948 0.531916666666667 26.2075035325936 -80.4100143118706 -8.5086048770556 -71.948 -5.74500000000001 85 17 
Cz EEG 0 0 5.20474889637625e-15 -0 85 -0 90 85 18 
FC1 EEG -44.925 0.181183333333333 32.4361838987395 32.3513771312283 71.5980612293391 44.925 57.387 85 19 
FC2 EEG 44.925 0.181183333333333 32.4361838987395 -32.3513771312283 71.5980612293391 -44.925 57.387 85 20 
C3 EEG -90 0.266688888888889 3.86812533613566e-15 63.1712807125907 56.8716914917349 90 41.996 85 21 
C4 EEG 90 0.266666666666667 3.86788221025119e-15 -63.1673101655785 56.876101540503 -90 42 85 22 
T7 EEG -90 0.533183333333333 5.17649253748256e-15 84.5385386396573 -8.84508251353112 90 -5.973 85 23 
T8 EEG 90 0.533183333333333 5.17649253748256e-15 -84.5385386396573 -8.84508251353112 -90 -5.973 85 24 
CP1 EEG -135.075 0.181183333333333 -32.4361838987395 32.3513771312283 71.5980612293391 135.075 57.387 85 27 
CP2 EEG 135.075 0.181183333333333 -32.4361838987395 -32.3513771312283 71.5980612293391 -135.075 57.387 85 28 
CP5 EEG -110.668 0.408233333333333 -28.7628234353576 76.2473645099531 24.1669069868857 110.668 16.518 85 29 
CP6 EEG 110.668 0.408233333333333 -28.7628234353576 -76.2473645099531 24.1669069868857 -110.668 16.518 85 30 
TP7 EEG -108.052 0.531916666666667 -26.2075035325936 80.4100143118706 -8.5086048770556 108.052 -5.74500000000001 85 31 
TP8 EEG 108.107 0.531905555555556 -26.2847718099742 -80.385102119676 -8.50565271492099 -108.107 -5.74299999999999 85 32 
Pz EEG 180 0.253377777777778 -60.7384809484625 -7.43831862786072e-15 59.4629038314919 -180 44.392 85 33 
P3 EEG -140.053 0.344594444444444 -57.551063393099 48.2004273175389 39.8697116710185 140.053 27.973 85 34 
P4 EEG 140.103 0.3445 -57.5840261068105 -48.1425964684523 39.8919834378528 -140.103 27.99 85 35 
P7 EEG -126.087 0.528083333333333 -49.8713779489202 68.4233350269539 -7.48951836002624 126.087 -5.055 85 36 
P8 EEG 126.133 0.528066666666667 -49.9265268118817 -68.3835902976096 -7.48508507040089 -126.133 -5.052 85 37 
PO9 EEG -144.695 0.653 -61.5072664874117 43.5576310530885 -39.3012588384843 144.695 -27.54 85 38 
PO10 EEG 144.733 0.652888888888889 -61.5473386565498 -43.5247466822205 -39.2749478744977 -144.733 -27.52 85 39 
PO3 EEG -157.539 0.421127777777778 -76.1527667684845 31.4827967984807 20.8468131677331 157.539 14.197 85 40 
PO4 EEG 157.539 0.421127777777778 -76.1527667684845 -31.4827967984807 20.8468131677331 -157.539 14.197 85 41 
PO7 EEG -144.108 0.522333333333333 -68.6910763510323 49.709431314888 -5.9588982276161 144.108 -4.02 85 42 
PO8 EEG 144.142 0.522311111111111 -68.7208994216315 -49.668904028116 -5.95297869371352 -144.142 -4.01600000000001 85 43 
O1 EEG -162.074 0.514988888888889 -80.7840137690914 26.1330144040702 -4.00108454195971 162.074 -2.69799999999999 85 44 
O2 EEG 162.074 0.514988888888889 -80.7840137690914 -26.1330144040702 -4.00108454195971 -162.074 -2.69799999999999 85 45 
Oz EEG 180 0.506688888888889 -84.9812336134463 -1.040719957323e-14 -1.78603850374883 -180 -1.20399999999999 85 46 
